2.330677031448239632e+03 3.847502168616459244e+02 4.480000000000000000e+02 4.100000000000000000e+01
2.607837858396698721e+03 5.663290044668756309e+02 3.600000000000000000e+01 6.000000000000000000e+00
2.802175120996865189e+03 7.192330044071155726e+02 3.400000000000000000e+01 1.000000000000000000e+00
3.108009473711774717e+03 7.765714477861305340e+02 4.590000000000000000e+02 8.500000000000000000e+01
3.471190879680568287e+03 1.009105619162565972e+03 3.120000000000000000e+02 1.900000000000000000e+01
5.822303807456817594e+03 1.165188903762490781e+03 3.210000000000000000e+02 6.900000000000000000e+01
1.769977943956101853e+03 6.364135295560046188e+02 5.620000000000000000e+02 8.700000000000000000e+01
2.101297112786006437e+03 7.893164163012189647e+02 3.990000000000000000e+02 2.600000000000000000e+01
2.407131468237958870e+03 9.294743345320529215e+02 3.940000000000000000e+02 4.100000000000000000e+01
4.125068593166166124e+02 3.641757032730571609e+03 4.130000000000000000e+02 5.800000000000000000e+01
2.613094256609296735e+03 3.995030550340869468e+03 2.370000000000000000e+02 2.300000000000000000e+01
3.060917815888281552e+02 4.169760962865727379e+03 1.840000000000000000e+02 4.000000000000000000e+01
1.013015072603163503e+03 4.291309601798960102e+03 3.800000000000000000e+02 4.400000000000000000e+01
2.616897464161489552e+03 4.530604205857239322e+03 1.080000000000000000e+02 3.300000000000000000e+01
9.370007441165259934e+02 4.716715923132408534e+03 4.220000000000000000e+02 4.400000000000000000e+01
1.260057488004409379e+03 4.769889904357438354e+03 2.810000000000000000e+02 3.300000000000000000e+01
1.495698584184463698e+03 4.811669222491849723e+03 3.700000000000000000e+02 3.900000000000000000e+01
2.092403585899172413e+03 4.895226745567770195e+03 5.000000000000000000e+02 1.500000000000000000e+01
2.620692367769173870e+03 4.971187826582570779e+03 1.480000000000000000e+02 3.600000000000000000e+01
7.963734059537022176e+02 5.514283340100424539e+03 4.150000000000000000e+02 1.320000000000000000e+02
4.752863489234214285e+03 6.007970810770544631e+03 3.460000000000000000e+02 9.500000000000000000e+01
5.353371665712317736e+03 5.988984158399615808e+03 5.480000000000000000e+02 2.210000000000000000e+02
4.450000000000000000e+03 8.500000000000000000e+02 6.500000000000000000e+01 3.800000000000000000e+01
3.965367029614152671e+03 1.085197227351770835e+03 6.600000000000000000e+01 1.100000000000000000e+01
4.459543179547737054e+03 1.161288835540975697e+03 3.200000000000000000e+01 2.700000000000000000e+01
4.641710105538575590e+03 5.706642561128425086e+02 0.000000000000000000e+00 0.000000000000000000e+00
4.097581493238776602e+03 1.077669514814426748e+03 7.200000000000000000e+01 1.600000000000000000e+01
4.777753587701877223e+03 8.037295021957336303e+02 6.100000000000000000e+01 1.400000000000000000e+01
3.822551219299194599e+03 2.812852858713822570e+02 4.270000000000000000e+02 1.350000000000000000e+02
3.572551219299194599e+03 3.128528587138225703e+01 3.620000000000000000e+02 7.400000000000000000e+01
3.072551219299194599e+03 3.128528587138225703e+01 4.550000000000000000e+02 4.200000000000000000e+01
5.423178891242081590e+03 3.876066186527523314e+02 3.530000000000000000e+02 9.700000000000000000e+01
4.423178891242081590e+03 3.876066186527523314e+02 3.450000000000000000e+02 1.160000000000000000e+02
5.173178891242081590e+03 1.376066186527523314e+02 8.600000000000000000e+01 1.300000000000000000e+01
4.673178891242081590e+03 1.376066186527523314e+02 3.950000000000000000e+02 1.350000000000000000e+02
5.882966470963908250e+03 3.206202387126784288e+02 0.000000000000000000e+00 0.000000000000000000e+00
2.740525949834158382e+03 9.402349368176614064e+01 5.540000000000000000e+02 1.140000000000000000e+02
4.007747794120846265e+03 1.549221394131650413e+02 4.510000000000000000e+02 1.640000000000000000e+02
2.166324681348611193e+03 2.987540354906739594e+03 2.580000000000000000e+02 1.000000000000000000e+01
2.166324681348611193e+03 1.987540354906739594e+03 4.910000000000000000e+02 2.400000000000000000e+01
2.166324681348611193e+03 1.487540354906739594e+03 2.710000000000000000e+02 3.600000000000000000e+01
1.666324681348611193e+03 2.487540354906739594e+03 5.280000000000000000e+02 5.000000000000000000e+01
1.166324681348611193e+03 2.487540354906739594e+03 3.420000000000000000e+02 1.400000000000000000e+01
1.166324681348611193e+03 1.987540354906739594e+03 5.900000000000000000e+02 4.200000000000000000e+01
6.663246813486111932e+02 2.987540354906739594e+03 5.120000000000000000e+02 9.000000000000000000e+01
6.663246813486111932e+02 2.487540354906739594e+03 3.520000000000000000e+02 5.800000000000000000e+01
2.416324681348611193e+03 3.237540354906739594e+03 5.330000000000000000e+02 1.900000000000000000e+01
2.416324681348611193e+03 1.737540354906739594e+03 2.670000000000000000e+02 3.600000000000000000e+01
2.416324681348611193e+03 1.237540354906739594e+03 3.620000000000000000e+02 5.900000000000000000e+01
1.916324681348611193e+03 1.737540354906739594e+03 4.850000000000000000e+02 6.100000000000000000e+01
1.916324681348611193e+03 1.237540354906739594e+03 1.410000000000000000e+02 2.900000000000000000e+01
1.416324681348611193e+03 2.237540354906739594e+03 4.660000000000000000e+02 3.000000000000000000e+01
1.416324681348611193e+03 1.737540354906739594e+03 4.080000000000000000e+02 8.800000000000000000e+01
1.416324681348611193e+03 1.237540354906739594e+03 5.200000000000000000e+02 6.700000000000000000e+01
9.163246813486111932e+02 3.237540354906739594e+03 1.520000000000000000e+02 1.800000000000000000e+01
9.163246813486111932e+02 2.737540354906739594e+03 3.940000000000000000e+02 4.800000000000000000e+01
9.163246813486111932e+02 2.237540354906739594e+03 3.840000000000000000e+02 2.700000000000000000e+01
9.163246813486111932e+02 1.737540354906739594e+03 9.000000000000000000e+00 1.000000000000000000e+00
4.163246813486111932e+02 2.737540354906739594e+03 1.630000000000000000e+02 3.600000000000000000e+01
6.304009680463478617e+03 1.702023669293738749e+03 2.670000000000000000e+02 4.100000000000000000e+01
5.804009680463478617e+03 4.202023669293738749e+03 1.000000000000000000e+00 0.000000000000000000e+00
5.804009680463478617e+03 3.202023669293738749e+03 7.100000000000000000e+01 7.000000000000000000e+00
5.804009680463478617e+03 2.202023669293738749e+03 3.930000000000000000e+02 2.200000000000000000e+01
5.804009680463478617e+03 1.702023669293738749e+03 2.520000000000000000e+02 3.400000000000000000e+01
5.304009680463478617e+03 5.202023669293738749e+03 2.250000000000000000e+02 3.400000000000000000e+01
5.304009680463478617e+03 4.702023669293738749e+03 1.400000000000000000e+02 3.500000000000000000e+01
5.304009680463478617e+03 3.202023669293738749e+03 4.340000000000000000e+02 0.000000000000000000e+00
4.804009680463478617e+03 5.202023669293738749e+03 4.500000000000000000e+02 5.400000000000000000e+01
4.804009680463478617e+03 4.702023669293738749e+03 3.660000000000000000e+02 1.600000000000000000e+01
4.804009680463478617e+03 3.202023669293738749e+03 4.290000000000000000e+02 1.100000000000000000e+01
4.804009680463478617e+03 2.702023669293738749e+03 3.810000000000000000e+02 1.000000000000000000e+00
4.804009680463478617e+03 1.702023669293738749e+03 0.000000000000000000e+00 0.000000000000000000e+00
4.304009680463478617e+03 5.202023669293738749e+03 6.110000000000000000e+02 5.300000000000000000e+01
4.304009680463478617e+03 4.702023669293738749e+03 4.090000000000000000e+02 4.000000000000000000e+00
3.804009680463478617e+03 5.202023669293738749e+03 4.250000000000000000e+02 3.500000000000000000e+01
3.804009680463478617e+03 4.702023669293738749e+03 2.950000000000000000e+02 9.000000000000000000e+00
3.804009680463478617e+03 2.202023669293738749e+03 6.070000000000000000e+02 3.800000000000000000e+01
3.304009680463478617e+03 5.202023669293738749e+03 5.840000000000000000e+02 2.200000000000000000e+01
3.304009680463478617e+03 4.702023669293738749e+03 3.600000000000000000e+02 1.200000000000000000e+01
2.804009680463478617e+03 5.202023669293738749e+03 3.260000000000000000e+02 1.700000000000000000e+01
6.054009680463478617e+03 4.452023669293738749e+03 1.210000000000000000e+02 3.900000000000000000e+01
6.054009680463478617e+03 1.952023669293738749e+03 4.310000000000000000e+02 3.600000000000000000e+01
5.554009680463478617e+03 5.452023669293738749e+03 3.300000000000000000e+02 1.310000000000000000e+02
5.554009680463478617e+03 4.452023669293738749e+03 3.320000000000000000e+02 1.340000000000000000e+02
5.554009680463478617e+03 1.952023669293738749e+03 0.000000000000000000e+00 0.000000000000000000e+00
5.054009680463478617e+03 4.952023669293738749e+03 5.180000000000000000e+02 7.200000000000000000e+01
5.054009680463478617e+03 4.452023669293738749e+03 5.100000000000000000e+02 4.700000000000000000e+01
5.054009680463478617e+03 2.952023669293738749e+03 3.600000000000000000e+02 1.700000000000000000e+01
4.554009680463478617e+03 5.452023669293738749e+03 3.320000000000000000e+02 1.090000000000000000e+02
4.554009680463478617e+03 4.452023669293738749e+03 4.970000000000000000e+02 8.000000000000000000e+00
4.554009680463478617e+03 1.452023669293738749e+03 5.970000000000000000e+02 3.200000000000000000e+01
4.054009680463478617e+03 4.952023669293738749e+03 2.610000000000000000e+02 3.000000000000000000e+00
4.054009680463478617e+03 4.452023669293738749e+03 1.970000000000000000e+02 1.200000000000000000e+01
3.554009680463478617e+03 5.452023669293738749e+03 1.700000000000000000e+02 5.000000000000000000e+00
3.554009680463478617e+03 4.952023669293738749e+03 4.110000000000000000e+02 1.300000000000000000e+01
3.554009680463478617e+03 4.452023669293738749e+03 3.220000000000000000e+02 2.200000000000000000e+01
3.054009680463478617e+03 4.952023669293738749e+03 5.600000000000000000e+02 9.000000000000000000e+00
3.054009680463478617e+03 4.452023669293738749e+03 3.640000000000000000e+02 2.200000000000000000e+01
5.168665070140596981e+03 8.206168991283095693e+02 3.560000000000000000e+02 4.500000000000000000e+01
1.451528714053544718e+03 4.185971285546153922e+03 2.720000000000000000e+02 3.400000000000000000e+01
3.094322646881890705e+03 5.873657947380294900e+03 4.710000000000000000e+02 8.200000000000000000e+01
3.446038430261904978e+03 5.883318142258674925e+03 4.960000000000000000e+02 3.700000000000000000e+01
3.918967964476487396e+03 5.910550903077718431e+03 3.540000000000000000e+02 3.900000000000000000e+01
6.307337294135108095e+03 5.947876767818384906e+03 3.800000000000000000e+01 3.500000000000000000e+01
1.999169100708182441e+03 3.851845878452181751e+02 4.380000000000000000e+02 6.700000000000000000e+01
3.385709114036037136e+03 5.022847893801510963e+02 1.230000000000000000e+02 1.000000000000000000e+00
3.104266622871634809e+03 1.174187083182135666e+03 1.920000000000000000e+02 2.100000000000000000e+01
5.472905049795866034e+03 8.206185689204939990e+02 8.000000000000000000e+01 4.000000000000000000e+00
1.640397083542402470e+03 1.040403319001738510e+03 4.910000000000000000e+02 5.900000000000000000e+01
4.224572151895645220e+02 3.968916892534992257e+03 2.860000000000000000e+02 3.100000000000000000e+01
1.123679846638285881e+03 4.084772652703371932e+03 4.900000000000000000e+02 3.400000000000000000e+01
7.227113218328380526e+02 4.293693177069186277e+03 6.800000000000000000e+01 2.300000000000000000e+01
6.504960489075461965e+02 4.717203727471901402e+03 1.360000000000000000e+02 2.000000000000000000e+00
1.857208979778660023e+03 4.916605878766652495e+03 4.970000000000000000e+02 3.500000000000000000e+01
1.486645358234283549e+03 5.279302034685722901e+03 1.120000000000000000e+02 0.000000000000000000e+00
2.419705871571015450e+03 4.996365180812013023e+03 1.260000000000000000e+02 2.300000000000000000e+01
2.062445174527648305e+03 5.364753658899131551e+03 1.700000000000000000e+01 1.700000000000000000e+01
5.060696549755507476e+02 5.518576044639215070e+03 5.600000000000000000e+01 1.900000000000000000e+01
5.846114943621373641e+03 2.483979646522499934e+03 4.690000000000000000e+02 1.300000000000000000e+01
5.081140080262104675e+03 2.244128932451633773e+03 5.650000000000000000e+02 1.500000000000000000e+01
5.325062312042426129e+03 5.723076300872686261e+03 5.110000000000000000e+02 1.880000000000000000e+02
5.075062312042426129e+03 5.473076300872686261e+03 2.910000000000000000e+02 2.300000000000000000e+01
3.558320881214395740e+03 1.244128932451633318e+03 3.640000000000000000e+02 2.800000000000000000e+01
1.819554835266894997e+03 3.888990721796008074e+03 4.610000000000000000e+02 3.900000000000000000e+01
2.414590742482141195e+03 4.012605339939382702e+03 5.950000000000000000e+02 5.500000000000000000e+01
2.164590742482141195e+03 3.762605339939382702e+03 3.480000000000000000e+02 1.700000000000000000e+01
2.302032770707010059e+03 4.588227184963709078e+03 3.570000000000000000e+02 3.100000000000000000e+01
1.802032770707010059e+03 4.588227184963709078e+03 1.180000000000000000e+02 1.400000000000000000e+01
2.052032770707010059e+03 4.338227184963709078e+03 3.380000000000000000e+02 3.900000000000000000e+01
3.092421043115628891e+03 5.473076300872686261e+03 2.420000000000000000e+02 1.000000000000000000e+01
5.612174786815934567e+03 1.473076300872686033e+03 3.450000000000000000e+02 4.500000000000000000e+01
6.304009680463478617e+03 5.473076300872686261e+03 0.000000000000000000e+00 0.000000000000000000e+00
6.054009680463478617e+03 5.223076300872686261e+03 1.100000000000000000e+01 1.100000000000000000e+01
6.054009680463478617e+03 2.723076300872686261e+03 4.610000000000000000e+02 5.900000000000000000e+01
5.325062312042426129e+03 2.515181564030581285e+03 3.060000000000000000e+02 0.000000000000000000e+00
5.734257399950128047e+02 3.509996368169177458e+03 2.380000000000000000e+02 2.500000000000000000e+01
3.825062312042426129e+03 1.515181564030580603e+03 5.960000000000000000e+02 3.400000000000000000e+01
4.117167575200321153e+03 1.723076300872686033e+03 4.760000000000000000e+02 3.200000000000000000e+01
