200
162 18 192 368 455 229 78 393 19 101 418 232 14 68 328 138 121 16 234 251 61 38 221 278 126 369 34 158 494 472 67 392 115 172 46 156 239 312 15 329 164 279 396 284 139 372 204 32 213 8 466 370 146 150 194 120 89 52 75 66 153 310 171 
201
405 329 164 279 396 284 139 372 32 204 213 8 466 370 146 120 150 194 297 320 311 475 469 457 92 31 442 41 219 
202
406 60 178 23 226 98 301 149 100 38 61 79 262 128 346 281 350 87 177 336 36 248 483 265 375 267 135 83 127 315 163 105 382 6 112 197 371 45 190 123 448 493 57 40 295 
393 268 84 479 294 292 174 380 76 481 181 436 227 173 121 16 234 251 61 38 221 126 369 34 278 158 494 67 392 115 172 46 156 239 312 15 117 329 164 279 396 284 372 139 32 204 213 8 466 120 370 146 150 194 297 89 52 75 66 153 310 171 
203
52 89 297 194 150 146 370 466 8 213 204 139 32 372 396 284 279 164 117 329 15 312 472 239 156 46 172 115 392 67 494 158 34 369 126 221 100 149 301 107 98 226 23 178 461 
393 268 84 479 292 294 209 380 76 481 181 436 227 173 121 16 251 234 61 38 221 126 369 34 158 494 67 392 115 172 46 156 239 472 312 15 329 117 164 279 284 396 372 32 139 204 213 8 466 370 146 150 194 297 89 52 416 75 66 153 310 171 
61 79 262 128 346 281 350 87 177 336 36 248 483 265 375 267 135 83 127 315 163 105 382 6 112 197 371 45 190 123 448 493 57 40 295 
204
222 273 257 287 78 237 229 368 192 458 113 147 143 309 
205
39 205 335 452 269 82 400 184 355 220 414 281 346 350 87 177 336 36 248 483 265 375 267 135 83 127 315 163 105 382 6 112 197 371 45 190 123 448 77 493 57 40 295 17 145 13 11 72 367 337 411 460 86 154 214 423 142 147 113 458 192 368 229 237 78 287 455 257 273 51 193 93 114 266 166 228 
206
307 250 205 335 452 269 82 400 184 355 220 414 281 346 350 87 177 336 36 248 483 265 375 267 135 83 127 315 163 105 382 6 112 197 371 190 45 88 
207
436 232 14 138 68 16 328 251 38 234 256 
208
31 442 41 219 155 160 327 
209
344 327 160 155 219 325 
210
13 72 367 11 337 411 460 86 154 214 423 142 147 113 458 
211
221 328 38 68 251 16 14 121 173 227 436 181 174 481 209 294 479 76 380 292 84 268 26 455 51 30 280 
212
210 95 439 209 481 479 294 76 380 292 84 268 26 455 
213
398 29 316 311 320 89 370 150 466 8 213 194 204 139 396 279 233 117 297 312 120 32 164 372 278 15 472 239 156 46 172 115 392 67 494 158 34 369 100 149 107 301 332 
214
383 142 423 214 154 86 460 44 411 11 337 367 72 13 145 17 295 40 57 493 448 45 123 190 371 197 112 6 382 105 163 315 127 83 135 267 375 265 483 248 36 336 177 414 350 220 128 281 
215
65 327 160 155 219 41 457 442 469 31 92 69 5 250 205 335 400 452 185 82 269 184 355 350 220 177 336 87 36 248 483 265 375 267 135 83 127 315 163 105 382 6 112 197 371 190 123 45 448 493 77 57 40 295 17 145 13 72 367 337 11 44 460 86 154 214 423 142 147 113 458 237 192 368 257 78 287 393 26 51 30 64 74 286 270 449 
216
239 156 46 172 115 392 67 234 494 158 34 369 262 61 328 126 221 68 14 38 16 121 173 
217
334 488 386 50 21 28 35 96 124 493 88 187 232 16 14 221 126 68 328 262 369 34 158 494 67 392 234 115 172 46 156 239 79 372 472 32 15 278 164 120 297 233 312 194 117 279 396 139 204 213 150 416 52 12 54 249 106 
218
454 421 98 178 23 107 149 100 369 262 328 68 126 14 221 16 232 187 88 57 124 96 35 28 21 50 49 
219
476 421 454 148 215 240 111 
220
194 233 297 164 120 284 403 
221
10 203 217 394 411 44 154 20 460 19 481 439 479 294 
222
99 23 107 149 100 34 158 328 494 67 392 115 172 46 156 239 372 32 234 120 472 79 15 278 329 
223
296 385 
224
72 13 145 17 493 295 45 40 448 123 190 371 197 112 6 382 105 163 315 220 127 83 135 267 375 265 483 248 36 355 336 128 350 281 262 61 369 34 100 149 
225
258 122 151 143 229 347 4 357 394 44 214 11 154 86 337 57 367 72 13 145 77 17 493 295 45 40 448 123 190 371 197 112 6 382 105 220 163 315 127 83 135 267 375 265 483 87 248 36 355 336 128 350 281 262 61 369 34 158 68 494 67 
226
25 155 219 161 469 457 276 188 379 55 108 24 152 334 488 
227
135 267 375 265 483 87 248 355 336 184 269 177 82 185 452 400 250 5 69 335 205 92 31 475 291 134 349 
228
287 78 368 192 458 237 113 147 142 423 44 11 214 154 86 57 337 367 72 13 77 145 493 17 45 295 40 448 220 123 190 371 197 112 6 382 105 163 315 127 83 135 267 375 265 483 87 248 355 336 184 269 177 82 185 452 400 146 250 5 69 335 205 92 31 442 41 219 161 
229
19 101 251 221 126 138 121 16 61 14 34 494 67 392 115 172 46 156 239 372 32 120 297 328 278 472 234 15 284 140 58 
230
274 346 414 144 141 211 248 483 265 375 267 135 83 127 315 163 105 382 6 112 197 371 190 123 448 40 295 17 45 145 493 13 72 367 337 86 57 154 214 11 20 439 460 19 101 479 294 436 84 268 393 76 26 380 286 351 
231
361 98 178 408 
232
114 266 64 30 286 26 292 287 418 78 74 368 192 458 237 113 147 142 423 44 11 214 57 154 86 337 220 367 72 77 13 493 124 96 238 
233
220 337 367 72 13 493 45 145 17 295 40 448 123 190 371 197 112 6 382 105 163 315 127 83 135 267 375 265 87 483 36 336 262 369 350 61 34 14 67 494 392 115 172 46 156 239 372 32 120 297 278 68 472 328 15 284 140 226 58 90 183 301 
234
472 68 278 297 120 32 372 239 156 46 
235
70 317 444 81 3 62 231 37 10 217 394 44 11 57 214 154 220 86 337 367 13 493 72 45 145 17 295 40 448 123 190 371 197 112 6 382 105 163 315 127 83 135 267 483 375 87 128 36 336 262 369 61 
236
453 107 149 158 281 100 67 34 61 369 336 36 262 87 375 267 483 135 83 127 315 163 105 382 6 112 197 371 190 123 448 40 295 17 145 45 367 493 13 77 337 86 154 220 214 57 11 44 423 142 147 113 237 458 192 
237
119 9 208 478 94 2 66 153 301 183 90 118 412 
238
243 258 257 122 151 143 229 347 4 357 394 44 11 57 220 214 154 86 77 337 13 493 367 45 145 17 295 40 448 123 190 371 197 112 6 382 105 163 483 315 127 83 135 267 87 262 36 336 369 61 34 67 14 392 494 115 172 46 156 239 350 372 32 120 297 278 472 15 68 164 194 328 234 79 233 150 416 139 12 
239
33 109 130 56 211 248 355 265 267 135 83 127 315 163 105 483 382 6 112 197 371 190 123 448 40 295 17 145 45 337 493 13 77 86 154 214 220 57 11 20 460 19 101 174 181 209 95 210 148 215 
240
23 107 158 281 100 392 494 115 172 46 156 239 372 32 120 297 278 350 472 15 68 164 194 328 234 79 233 150 279 169 320 
241
308 54 324 373 106 119 9 
242
443 177 269 184 267 135 265 87 83 127 315 163 105 382 6 112 197 371 190 123 448 40 295 17 145 45 86 88 187 337 367 72 16 121 138 126 221 174 181 354 
243
112 6 382 105 163 315 127 83 265 135 267 184 269 
244
73 263 104 230 168 70 317 444 62 81 3 37 10 217 203 47 189 411 35 96 124 493 232 187 337 367 72 16 121 
245
240 98 178 23 281 107 149 100 115 494 172 46 156 239 372 32 120 297 278 350 472 15 164 194 68 328 234 79 233 279 89 
246
348 108 276 188 469 334 488 379 146 466 204 179 69 5 312 169 279 233 79 234 328 68 194 164 15 350 472 278 297 120 32 372 239 156 46 172 494 115 100 149 131 136 158 272 173 227 181 209 294 84 268 393 436 26 286 30 175 270 216 
23 281 107 149 100 115 494 172 46 156 239 372 32 120 297 278 472 350 15 164 194 68 328 234 79 233 279 89 
247
464 148 210 95 209 294 84 268 393 481 78 368 
23 281 107 149 100 494 172 336 46 156 239 372 32 120 297 278 14 472 15 350 164 194 68 328 234 79 233 279 89 
348 108 276 188 334 488 379 146 55 27 360 24 152 157 91 386 445 414 132 471 50 21 49 346 231 3 10 217 357 394 439 142 147 113 237 458 192 368 78 418 287 26 436 286 30 175 270 216 
248
162 74 292 192 458 237 113 147 142 439 394 357 217 203 47 189 35 96 124 214 45 154 86 145 17 295 40 448 123 190 371 197 112 6 382 105 163 315 127 87 262 267 375 34 61 115 36 172 494 46 156 239 372 32 120 297 278 14 472 15 350 164 194 68 328 234 233 150 416 139 12 75 66 153 310 171 
23 281 107 149 100 172 494 46 156 239 372 32 120 297 278 14 472 15 350 164 194 68 328 234 233 279 79 89 
348 108 276 188 334 488 469 379 146 55 27 360 24 152 157 91 386 445 414 132 471 50 21 49 346 231 3 81 10 217 357 394 439 142 147 113 237 458 192 368 78 418 287 26 436 286 30 175 270 216 
78 368 
249
405 284 194 68 328 234 233 279 169 312 5 69 400 92 31 442 41 219 
348 108 276 188 334 488 469 379 146 55 27 360 24 152 157 91 386 445 132 414 471 50 21 49 346 231 3 81 10 217 357 394 439 142 147 113 237 458 192 368 78 418 287 26 436 286 30 175 270 216 
78 368 
494 46 36 156 239 372 32 336 120 297 278 14 472 15 350 164 194 68 328 234 233 150 416 139 12 75 66 153 310 171 
250
406 240 98 178 118 281 107 149 172 61 375 34 267 262 87 127 315 163 105 382 6 112 197 371 190 123 448 40 295 
78 368 
494 46 156 239 372 32 120 297 278 336 14 472 15 164 350 68 328 234 233 150 416 139 12 75 66 153 310 171 
494 46 156 239 372 32 120 297 278 336 14 472 15 164 350 68 328 234 233 279 79 89 
251
52 139 416 150 233 328 68 350 194 164 15 472 14 336 278 297 36 120 32 372 239 156 494 100 172 149 107 281 118 178 98 461 
494 156 239 372 32 120 36 297 278 336 14 472 15 164 194 350 68 328 233 150 416 139 12 75 66 153 310 171 
494 156 239 372 32 120 36 297 278 336 14 472 15 164 194 350 68 328 233 279 234 169 79 89 
252
222 286 193 436 287 418 78 368 192 458 151 143 229 347 309 
494 156 239 372 32 120 297 278 36 336 14 472 15 164 194 350 68 328 233 279 234 89 
36 278 297 120 32 372 239 156 494 100 172 149 107 23 281 98 461 
253
39 206 80 41 442 31 92 400 69 5 234 169 279 233 328 68 350 194 164 15 14 472 336 36 278 297 120 32 372 239 494 156 46 115 392 67 16 121 138 101 19 221 251 481 418 287 254 76 129 93 288 380 180 455 166 228 
36 278 297 120 32 372 239 494 156 100 172 149 107 23 178 281 98 461 
254
307 250 452 116 177 135 269 184 127 265 315 87 163 105 382 6 112 197 371 190 123 448 40 295 17 145 86 154 214 483 88 
36 278 297 120 32 372 239 494 100 172 149 107 23 178 281 98 461 
36 278 297 120 32 372 239 494 156 61 46 115 392 67 16 121 138 101 19 221 251 481 418 287 254 76 129 247 93 288 180 380 455 166 228 
46 61 156 494 239 372 32 120 297 278 36 336 472 15 14 164 194 350 68 233 150 416 139 12 75 66 153 310 171 
255
436 287 418 481 251 221 19 101 138 121 16 67 392 115 46 256 
36 278 297 120 32 372 239 494 156 61 46 115 392 67 16 121 138 101 19 221 251 481 418 287 254 76 129 247 93 180 288 380 455 166 228 
46 61 156 494 239 372 32 120 297 278 36 336 472 15 14 164 194 350 68 233 150 416 139 12 75 66 153 310 171 
256
31 442 41 219 457 161 276 488 334 348 42 327 
36 278 297 120 32 372 494 239 156 46 115 392 67 16 121 138 101 19 221 251 481 418 287 254 76 129 247 180 93 288 380 455 166 228 
46 156 239 494 372 32 120 297 278 36 336 472 15 14 164 194 350 68 233 150 416 139 12 75 66 153 310 171 
46 256 
257
344 348 334 488 276 325 
46 156 256 
258
13 77 57 11 44 423 220 142 147 113 237 458 
259
221 481 418 251 287 436 193 286 30 280 
260
210 95 209 294 84 268 393 26 286 51 93 288 455 
261
398 29 117 370 316 396 79 320 169 279 233 350 14 336 194 164 36 15 472 375 278 297 267 120 494 32 100 239 149 172 107 332 
262
383 220 142 423 44 11 57 77 13 493 45 483 214 154 86 145 17 295 40 448 123 190 371 197 112 6 382 105 87 262 127 83 61 32 100 239 149 172 107 23 178 98 240 281 
36 164 194 336 14 350 233 150 416 328 139 12 75 66 153 310 171 
263
65 488 71 348 27 276 188 360 379 146 466 312 469 319 69 5 234 68 169 279 233 350 14 336 194 164 36 15 472 375 267 278 297 494 120 100 32 372 156 46 67 16 115 121 158 38 173 227 181 209 294 126 84 268 393 26 286 30 175 270 449 
36 164 194 336 14 350 233 150 416 328 139 12 75 66 153 310 171 
36 15 472 375 267 278 297 494 120 100 239 149 172 107 332 
264
239 149 131 172 136 272 173 
36 194 336 14 350 233 150 416 328 139 12 75 66 153 310 171 
36 164 15 472 375 267 278 297 494 100 239 159 107 332 
164 15 472 375 267 278 297 494 120 61 32 372 156 46 67 16 115 138 392 174 181 209 294 126 84 268 393 26 286 30 175 270 449 
265
334 202 176 488 65 327 335 160 155 205 219 41 442 31 92 311 79 316 249 431 106 
36 194 164 15 472 375 267 278 297 494 100 239 159 107 332 
164 15 472 375 267 278 297 494 120 61 32 372 156 67 46 16 115 138 392 174 181 209 294 126 84 268 393 26 286 30 175 270 449 
266
454 421 240 281 98 178 23 107 239 149 100 120 61 83 127 315 262 87 382 6 112 197 371 190 123 448 40 295 17 145 86 154 214 483 45 124 96 35 28 355 411 21 49 
164 15 472 375 267 278 494 297 120 32 372 156 67 46 121 138 115 392 174 181 209 294 126 84 268 393 26 286 30 175 270 449 
164 194 36 336 14 350 233 150 416 328 139 12 75 66 153 310 171 
267
476 421 454 111 
120 61 83 127 315 262 87 382 6 112 197 371 190 123 448 40 295 17 145 86 154 214 483 45 124 96 35 28 355 50 21 411 49 
268
194 284 403 
269
10 217 357 394 44 20 460 19 101 479 294 
270
99 23 239 107 149 100 494 127 315 262 128 184 269 105 163 177 82 185 329 
271
296 385 
272
72 367 16 67 372 32 120 297 61 100 149 
273
258 257 102 247 424 180 162 110 18 292 221 254 287 418 481 393 268 84 126 294 209 181 174 392 115 46 156 138 158 121 372 67 
274
25 160 327 335 65 488 
275
135 33 303 234 469 319 39 206 161 457 219 205 155 349 
160 327 335 65 488 
276
287 418 481 393 268 126 84 294 209 181 174 392 115 46 156 372 138 158 121 32 67 120 297 61 494 278 127 83 472 15 164 194 267 375 36 336 233 279 169 350 5 69 400 92 31 442 41 205 219 457 161 
277
19 101 392 115 46 156 372 138 32 16 67 120 297 61 315 494 278 127 83 472 15 284 140 226 58 
375 36 233 336 279 169 350 5 69 400 92 31 442 41 205 219 457 161 
278
274 91 386 132 445 471 50 21 49 411 10 37 263 62 414 444 317 70 170 151 458 192 368 78 418 287 193 351 
279
361 98 281 408 
280
114 266 273 64 30 286 26 393 126 19 101 392 115 46 156 372 32 138 367 72 337 187 232 493 124 96 238 
98 281 408 
281
220 142 423 20 460 19 101 115 46 156 372 32 138 120 16 67 297 61 494 278 315 127 472 15 83 164 194 267 375 36 233 150 416 328 139 12 75 66 153 301 
282
472 315 278 494 61 297 67 16 367 120 138 32 372 156 46 
297 61 494 278 315 472 127 15 164 83 194 267 375 233 150 416 328 139 12 75 66 153 301 
283
70 170 151 458 192 368 78 481 126 392 101 115 46 156 372 32 138 158 121 297 67 61 
297 67 61 494 278 315 472 15 127 164 194 83 267 375 233 150 416 328 139 12 75 66 153 301 
61 67 297 121 158 138 32 372 156 46 
284
453 107 131 136 172 272 173 38 158 138 32 372 156 46 115 101 19 392 126 481 78 368 192 
61 67 16 297 138 32 372 156 46 
46 156 372 32 138 297 16 67 61 
285
119 9 208 478 94 2 66 153 301 183 90 239 118 412 
61 67 16 297 138 32 372 156 46 
46 156 372 32 138 297 16 67 61 
156 46 101 19 392 126 481 78 368 192 
286
243 436 180 192 368 78 481 126 392 19 115 101 46 156 372 32 297 138 158 121 16 67 61 494 278 315 472 15 164 194 127 83 267 233 375 150 416 328 139 12 
46 156 372 32 297 138 158 121 16 67 61 
156 46 101 115 19 392 126 481 78 368 192 
287
33 109 105 116 382 177 6 112 269 184 371 265 190 123 448 40 295 17 145 86 154 214 483 88 187 120 337 72 367 138 297 32 372 156 46 174 181 209 95 210 148 215 
156 46 101 115 19 392 126 481 78 368 192 
192 368 78 481 126 392 19 115 101 46 156 372 32 297 138 158 121 16 67 61 494 278 315 472 15 164 194 127 83 267 233 150 416 328 139 12 
288
23 107 149 100 494 278 472 315 15 164 194 127 83 267 233 279 375 89 213 320 
192 368 78 481 126 392 115 46 101 156 372 32 297 138 158 121 16 67 61 494 278 472 315 15 164 194 127 83 267 233 150 416 36 328 139 12 
289
308 54 324 373 106 478 208 9 
192 368 78 481 126 392 115 46 101 156 372 32 297 138 158 121 16 67 61 494 278 472 315 164 194 127 83 267 233 150 416 36 328 139 12 
290
443 177 112 197 269 184 128 262 87 123 448 40 295 17 145 86 154 214 483 88 187 120 337 72 367 138 297 32 372 156 101 46 174 181 354 
291
112 197 371 269 
292
73 230 414 168 70 170 151 458 192 368 78 481 126 392 115 19 156 101 372 32 297 138 158 121 
293
240 98 281 99 23 107 149 100 494 278 472 15 164 194 315 127 83 233 279 267 89 
294
348 231 335 276 188 3 379 234 146 312 466 350 469 179 163 382 6 452 116 177 112 197 371 269 184 190 123 265 448 40 295 17 145 86 154 214 483 88 187 120 337 72 367 138 297 32 372 101 156 115 126 393 26 286 30 175 270 216 
23 107 149 100 494 278 472 15 164 194 315 127 83 233 279 267 89 
295
464 148 210 95 209 181 174 46 156 115 126 392 481 78 368 
296
162 110 18 292 221 254 287 418 481 392 126 115 156 19 101 32 297 138 158 121 16 67 61 494 278 472 15 164 194 315 127 83 233 150 416 375 328 139 12 75 36 66 153 310 171 
297
405 284 194 315 127 83 233 279 169 320 267 336 396 14 311 92 31 442 41 205 219 
298
406 240 98 281 99 23 107 149 100 61 262 87 40 295 
299
52 75 36 66 153 301 183 90 239 118 178 281 98 461 
300
222 286 193 287 418 78 368 192 458 237 113 147 369 309 
301
39 206 80 41 442 31 92 400 69 163 5 250 382 6 452 197 177 371 190 123 269 184 448 40 265 295 17 145 86 154 214 483 45 493 13 77 57 11 44 423 142 220 113 237 458 180 436 43 247 424 162 110 18 292 129 251 76 93 288 455 380 166 228 
302
307 250 382 6 452 116 177 371 190 123 448 269 184 40 265 295 17 145 86 154 214 483 88 
93 288 455 380 166 228 
303
436 180 458 192 368 78 481 392 115 126 156 19 101 297 138 158 121 16 67 256 
304
31 442 41 205 219 457 161 276 335 3 231 348 27 71 488 65 327 
305
344 348 3 335 276 325 
306
13 77 57 11 44 423 142 220 113 237 458 
307
221 129 76 93 288 455 380 114 266 273 64 280 
308
210 46 95 191 48 30 64 273 266 114 380 455 
343 86 102 43 154 105 54 139 117 26 189 84 39 188 174 
204 142 83 20 11 77 88 8 16 121 173 176 136 107 23 178 60 404 
329 198 231 150 164 240 273 15 100 216 91 16 218 326 138 101 477 
309 147 142 83 202 194 11 77 223 271 88 8 218 326 121 173 272 176 136 149 230 159 7 264 212 182 85 285 193 52 12 131 249 373 
165 252 125 283 172 32 233 235 291 63 279 29 186 299 286 74 1 290 259 180 236 
309 147 142 83 202 194 11 77 223 271 261 45 87 282 302 128 61 256 100 149 230 159 7 264 212 182 85 285 75 12 131 249 373 
352 83 142 147 
33 246 389 303 116 346 377 260 185 418 
461 178 275 332 207 23 107 136 176 272 381 340 227 94 174 306 354 294 39 84 268 189 26 265 351 30 222 371 367 280 175 57 270 103 0 228 428 
308 97 181 284 373 131 12 446 395 285 85 182 212 405 444 264 7 159 230 380 442 136 176 272 381 440 340 227 94 174 306 311 188 
133 195 365 445 270 57 175 280 426 430 371 222 30 351 117 287 376 139 54 213 368 435 192 105 154 43 243 
304 399 364 236 180 386 290 1 74 286 384 439 308 97 181 284 373 249 132 34 316 393 229 18 46 320 329 410 342 198 169 5 307 220 
160 200 402 471 436 349 244 235 291 126 
351 117 287 47 78 224 396 163 59 204 383 83 142 352 194 11 77 223 350 456 96 261 87 282 45 388 56 82 324 334 443 452 414 346 211 21 53 250 81 220 69 263 357 420 41 221 355 31 219 115 155 134 471 165 252 297 125 120 32 233 
11 77 223 350 456 407 362 271 88 8 422 173 326 121 
10 217 336 44 394 142 352 202 19 20 269 390 438 477 188 311 84 95 354 209 146 312 145 48 296 385 
413 348 226 162 139 151 192 105 113 277 382 135 437 83 142 352 202 19 269 
186 398 279 25 63 244 283 349 436 165 471 235 115 219 155 480 158 319 341 258 425 80 455 423 331 111 196 303 179 130 199 366 109 167 238 353 421 141 473 124 374 36 255 35 248 375 10 336 217 206 339 
333 67 409 31 480 158 319 341 425 258 80 455 423 111 331 303 196 179 130 199 366 109 167 238 353 421 473 141 124 374 36 255 248 35 375 10 394 267 58 147 401 309 4 70 323 170 112 104 
178 447 466 476 275 107 470 450 408 330 321 99 28 210 378 441 148 146 
479 90 273 472 462 150 418 231 356 347 240 193 
342 410 307 454 467 485 52 5 131 108 191 310 187 75 3 469 457 
112 6 4 309 401 147 62 267 394 58 206 35 255 374 375 124 248 36 
118 397 479 273 159 230 380 257 143 442 264 23 7 272 176 149 128 218 327 422 173 216 101 91 266 363 431 188 138 477 311 202 352 438 390 269 142 19 135 83 163 437 105 382 277 43 113 
245 177 217 336 44 419 339 35 255 374 124 375 248 141 36 50 473 421 167 238 274 157 366 199 179 196 331 423 455 80 303 71 111 251 258 425 158 341 319 480 276 392 31 409 333 325 161 344 433 
294 39 265 84 26 94 227 95 340 440 136 306 326 174 121 207 332 381 272 7 23 264 143 257 442 397 380 230 159 273 85 285 90 395 446 66 405 89 212 182 310 191 187 208 360 424 38 305 2 481 369 76 247 
334 61 443 53 250 81 465 452 414 92 346 263 211 21 357 420 41 221 126 291 220 355 172 283 279 32 471 252 63 156 239 372 427 
145 17 430 189 117 57 287 371 435 224 139 151 30 47 162 226 192 277 70 382 437 105 163 83 19 135 142 269 77 223 350 456 87 282 478 8 388 194 11 45 261 96 359 82 334 443 61 53 250 81 465 452 92 414 346 263 342 211 21 357 420 41 221 126 291 220 355 172 283 279 398 32 120 471 252 63 156 239 372 427 458 402 134 200 
15 185 260 150 231 347 193 472 462 418 356 485 164 467 454 410 357 211 21 420 41 221 126 291 220 355 172 283 279 398 186 32 120 471 252 125 239 372 427 458 134 200 402 
180 236 364 106 119 1 290 373 284 
343 197 309 4 6 43 437 70 277 226 47 192 30 162 368 224 151 371 435 57 430 287 117 189 268 222 54 84 294 39 265 26 94 227 340 20 440 136 95 306 207 326 332 174 
204 213 59 138 265 26 146 209 354 48 296 137 365 313 195 404 
329 320 52 46 249 34 393 229 18 356 418 462 472 377 193 347 231 15 150 260 185 327 114 302 128 422 173 271 362 407 101 266 363 216 431 88 188 91 311 477 
309 4 6 382 19 105 163 142 438 83 135 269 77 223 350 456 206 87 282 478 45 488 8 261 388 194 11 82 96 109 334 443 53 61 250 81 92 263 465 357 452 21 414 346 211 41 221 126 420 291 220 172 355 283 279 398 32 120 252 471 165 436 386 349 244 284 25 373 
165 386 436 349 284 244 373 25 119 316 181 364 236 
352 213 138 204 383 139 396 162 192 371 277 70 368 226 30 437 47 43 243 4 309 112 401 147 
33 55 80 71 263 357 21 465 211 452 346 414 221 41 251 164 108 485 487 356 418 
461 253 75 469 3 457 415 345 225 171 100 133 476 195 466 365 445 406 178 175 449 404 0 228 338 475 464 451 270 489 13 463 428 
308 97 132 292 27 405 90 182 307 131 212 159 89 285 66 446 395 230 380 442 264 85 273 118 397 257 468 174 121 453 271 362 407 363 431 188 
133 195 476 365 466 445 447 175 449 313 99 137 296 48 26 227 265 39 294 209 54 222 435 84 268 189 151 295 17 224 117 192 162 40 277 203 70 430 57 226 371 348 368 437 43 4 309 30 243 
304 361 183 5 360 140 208 187 405 90 298 240 393 356 487 485 251 41 108 221 126 291 220 
160 325 161 169 198 433 342 344 410 454 69 467 158 303 465 452 164 126 
351 234 98 72 287 51 192 162 295 277 17 117 40 203 226 430 437 57 348 43 4 309 368 47 401 19 112 142 438 6 382 105 163 83 135 77 223 350 456 87 282 478 45 261 206 488 8 370 16 388 194 11 109 218 334 443 53 250 81 92 263 61 357 21 211 346 414 452 164 465 291 220 172 283 279 355 398 32 120 297 233 
11 109 176 96 412 422 56 173 302 121 
10 39 296 137 26 99 385 
413 348 309 430 57 371 368 19 401 142 112 438 6 382 105 163 83 135 255 223 350 456 87 282 269 
186 427 458 372 239 156 341 425 115 379 235 155 392 276 67 164 65 108 465 291 158 303 111 126 485 221 487 41 251 418 462 472 377 393 15 229 18 327 130 324 274 193 347 231 150 260 185 114 173 302 271 362 407 431 453 188 311 477 363 266 101 216 146 88 91 339 
333 409 31 319 402 480 484 486 490 491 425 379 115 235 155 392 276 67 164 55 69 33 258 157 366 199 455 423 82 473 417 256 359 353 116 389 242 104 
178 93 270 280 466 447 330 26 406 99 10 227 39 137 296 339 48 91 88 216 146 
479 66 230 130 395 324 274 193 
342 198 410 454 467 164 433 276 67 344 65 220 291 485 487 158 303 111 126 221 41 251 34 356 27 208 90 182 159 285 446 405 307 131 212 89 230 66 380 442 264 444 317 153 85 273 118 468 257 28 378 225 441 403 23 387 322 415 133 457 
112 6 382 105 163 83 135 374 350 456 87 282 478 78 45 261 488 269 16 205 335 79 262 400 167 36 
118 468 257 275 174 326 95 20 94 143 7 381 272 306 332 207 136 440 340 227 294 339 39 419 137 296 213 265 48 390 35 245 354 255 59 223 374 135 83 163 105 382 6 112 401 197 438 47 343 459 368 190 123 30 147 113 
245 255 354 59 223 416 456 87 282 350 478 45 261 78 488 16 269 335 205 184 206 8 370 388 194 109 11 196 334 443 412 53 250 81 92 263 357 218 21 211 346 414 452 61 485 344 67 433 
294 99 339 227 406 447 466 408 10 476 26 280 171 345 338 228 0 449 175 445 365 195 457 133 322 3 469 75 253 191 149 237 22 361 183 5 429 461 424 304 9 201 74 286 288 247 
334 331 196 11 423 246 455 199 366 258 69 157 33 55 392 155 235 115 341 425 379 29 420 402 491 490 480 219 186 200 134 427 
145 312 189 278 463 13 43 268 84 209 437 226 277 162 224 435 222 54 419 99 294 39 137 296 390 35 245 255 265 48 223 416 354 456 87 282 478 45 261 488 350 78 16 269 79 335 205 184 206 8 109 370 388 194 196 11 334 443 53 250 81 92 263 412 357 21 211 218 346 414 452 157 33 55 392 155 235 115 341 425 379 29 402 420 491 490 480 486 219 186 200 
15 377 472 251 41 303 221 126 158 27 65 291 344 67 220 433 487 276 392 155 235 115 341 425 379 29 402 
226 277 162 224 435 222 54 406 294 99 39 390 137 296 35 245 255 265 48 223 416 456 354 87 282 478 45 261 488 350 16 78 269 79 335 205 184 109 206 8 370 388 196 422 11 334 443 53 250 81 92 263 357 412 21 211 218 346 414 452 157 33 55 155 235 115 341 425 379 29 402 420 491 480 490 486 219 186 200 
180 290 1 259 140 439 247 288 286 74 201 9 304 240 369 76 2 305 38 360 285 159 111 303 34 249 46 320 329 284 
343 295 203 40 430 57 142 438 371 47 197 374 401 112 6 382 105 163 83 135 124 282 478 45 261 488 16 350 78 269 335 205 184 109 206 8 196 370 388 194 422 11 423 334 246 331 128 179 107 302 56 173 225 275 174 
204 213 296 137 255 99 39 245 35 390 406 447 419 339 54 222 435 224 162 277 226 437 209 84 268 215 103 43 367 192 337 426 411 451 464 475 404 
329 320 46 249 34 41 251 377 15 327 472 462 418 324 274 187 298 393 229 96 18 121 193 347 231 150 260 185 114 271 362 407 431 188 311 453 146 477 
309 72 215 103 43 367 337 192 426 460 411 451 495 494 493 100 318 492 171 129 10 489 345 93 270 280 322 387 338 365 228 0 195 457 133 3 469 75 253 191 237 22 415 361 183 5 429 424 149 461 304 9 201 74 286 288 247 439 259 1 290 140 384 60 299 373 
165 436 25 384 140 236 
280 322 387 338 365 228 195 457 133 397 3 469 75 253 191 237 22 361 183 5 429 424 149 461 304 9 201 74 286 288 247 439 259 290 1 180 140 384 60 299 373 
352 138 383 312 463 413 145 17 170 343 19 295 203 40 430 57 243 123 448 314 348 368 30 241 147 
33 55 341 115 235 155 392 172 276 27 433 67 344 65 291 158 126 221 377 15 327 251 324 472 274 462 418 
461 415 424 429 5 183 361 22 237 191 253 75 469 3 457 0 228 195 338 365 403 280 387 322 270 93 489 129 10 345 26 492 318 493 171 494 100 495 451 460 428 
308 97 132 285 446 2 41 38 305 159 360 15 327 251 324 274 472 462 418 96 187 298 121 393 229 18 193 347 231 150 260 185 114 362 407 431 188 
133 338 23 482 449 175 445 148 257 174 275 441 114 185 331 225 246 302 107 128 423 194 388 370 8 206 184 205 335 269 79 262 196 400 281 78 350 109 177 336 16 488 261 45 478 282 265 135 83 163 105 382 6 112 401 197 124 47 371 374 190 123 438 142 448 57 243 
304 364 111 481 369 303 285 132 446 41 291 159 377 221 126 158 65 344 67 433 276 392 235 155 220 
160 176 342 80 169 333 71 409 31 319 410 454 164 484 467 485 487 157 33 55 425 341 27 115 235 392 276 433 67 344 65 158 126 
351 234 98 367 170 72 343 215 13 278 189 73 463 145 17 295 203 40 430 142 438 448 374 123 190 371 124 47 197 401 112 6 382 105 163 83 135 265 282 478 45 483 261 488 16 48 336 177 109 196 350 78 281 400 262 79 269 335 205 184 206 8 423 370 388 194 334 422 53 250 443 81 92 263 357 21 211 346 414 11 452 412 220 155 172 283 279 398 32 120 297 233 
11 414 346 211 21 357 263 92 443 81 250 53 422 334 128 107 199 366 302 225 331 246 260 150 231 347 193 18 229 393 271 298 187 121 
10 494 26 464 495 43 385 
413 426 411 98 343 337 367 72 215 13 278 73 189 463 145 17 295 203 40 142 438 374 57 448 123 124 190 371 47 197 401 112 6 382 105 163 83 135 282 478 265 45 261 488 16 483 48 109 336 196 177 78 350 281 400 262 79 269 
186 108 485 467 486 219 484 164 454 410 319 198 218 395 414 346 443 211 21 357 263 92 81 422 250 53 455 128 194 388 370 8 206 184 205 335 269 79 423 262 400 281 350 289 78 177 336 196 109 48 483 16 488 261 45 478 137 99 294 474 152 58 87 447 466 406 227 416 245 54 222 435 224 162 277 226 437 339 
333 80 104 
178 309 428 192 413 460 343 451 268 84 209 170 339 51 437 226 277 162 224 435 222 54 245 408 227 406 466 447 58 91 88 216 101 266 363 477 456 296 56 378 146 
479 230 89 66 444 317 153 85 273 118 174 449 175 445 275 185 362 246 260 150 231 347 193 
342 80 333 104 31 409 169 325 107 258 455 334 302 225 199 366 441 331 362 275 445 175 449 174 118 273 173 468 313 321 280 179 23 270 469 397 75 5 253 191 237 22 361 429 424 461 338 228 457 
112 6 382 105 163 83 135 478 45 261 488 16 109 265 196 483 48 78 336 36 
118 326 449 175 445 275 362 260 331 366 199 441 334 194 388 370 8 206 184 205 335 269 79 262 400 281 350 177 423 336 36 48 78 483 265 196 109 16 488 261 45 478 137 267 167 282 394 238 127 44 42 354 59 77 242 359 202 217 116 113 
245 470 58 408 474 227 406 466 447 91 88 216 101 266 363 477 456 56 378 296 114 146 453 311 188 431 407 275 362 260 150 231 347 193 18 229 393 298 187 418 462 472 271 121 251 38 221 126 96 274 324 327 15 159 158 65 344 67 433 
44 42 354 59 77 242 359 217 202 113 
294 478 45 261 267 488 16 109 196 265 78 483 48 423 36 336 177 350 281 400 262 79 269 335 205 184 206 8 370 388 194 334 455 53 441 199 185 366 331 260 150 231 347 193 18 229 393 298 187 418 462 472 271 121 251 38 221 126 369 96 274 324 327 15 446 235 97 364 377 308 291 9 201 285 415 74 286 288 247 
334 225 325 395 107 169 71 410 454 164 219 218 486 186 467 485 487 108 491 420 29 125 386 427 
145 17 142 438 374 124 203 40 293 57 448 123 190 371 47 197 401 112 6 382 105 163 83 135 294 99 45 261 488 16 109 196 267 78 265 423 483 48 248 36 336 177 350 281 400 262 79 269 335 205 184 206 8 370 388 334 325 225 395 107 169 71 410 454 164 219 486 218 186 467 485 487 108 491 420 29 125 386 427 200 
15 446 34 158 65 344 67 433 276 392 115 132 172 341 402 
180 439 247 288 140 290 286 285 291 201 377 308 235 41 364 446 34 249 46 320 329 284 
343 345 26 404 10 322 100 387 403 419 210 133 495 464 494 482 493 183 5 318 492 365 129 3 23 489 476 173 330 280 174 
204 139 396 70 117 152 312 87 339 98 209 84 178 192 428 343 345 26 404 
329 320 46 249 341 158 15 34 327 324 274 96 364 369 126 221 121 271 38 251 472 462 418 187 298 393 229 18 193 347 231 275 150 260 199 407 431 188 311 453 146 296 114 456 378 56 447 466 477 
309 122 26 10 322 387 403 100 475 419 210 255 133 482 495 464 183 494 5 493 195 365 318 129 492 469 179 397 75 253 191 237 22 361 429 424 461 240 259 93 149 1 111 303 236 74 228 285 286 290 140 373 
165 316 399 310 63 208 159 284 329 320 46 15 249 158 446 41 341 9 201 308 235 377 291 0 457 228 338 74 236 
352 138 383 460 451 411 337 367 72 13 215 189 142 438 374 124 145 17 295 203 40 167 293 57 448 123 190 371 47 197 401 112 6 382 105 238 163 83 135 421 42 294 127 44 282 161 160 354 113 82 59 217 256 353 77 147 
33 156 283 425 172 115 392 276 433 67 344 65 158 446 41 327 324 274 96 364 369 126 121 271 221 38 251 472 462 418 
44 161 282 160 354 82 59 217 256 353 147 
461 424 429 259 361 22 237 191 253 397 75 469 129 493 365 494 464 495 5 183 482 255 475 100 419 403 122 387 322 404 26 10 343 345 428 
308 201 9 41 327 324 274 96 34 364 369 126 121 271 221 38 251 275 472 462 418 187 298 393 229 18 407 193 347 231 260 431 188 
133 43 390 474 136 207 435 440 50 434 245 91 408 478 227 470 394 406 421 42 45 135 83 163 105 382 6 112 401 197 47 371 190 123 448 57 293 40 203 295 167 17 145 189 124 374 438 142 13 243 
304 481 76 380 292 405 131 212 479 230 89 66 444 317 153 85 313 95 330 150 231 331 118 175 449 194 445 169 53 250 81 92 263 357 21 211 346 414 220 
160 161 44 315 127 135 488 16 109 196 78 423 99 48 267 441 375 265 483 248 36 336 177 350 455 281 400 262 79 269 335 205 184 206 8 370 388 258 445 169 194 175 118 331 431 231 347 193 18 229 393 298 187 418 462 472 251 38 221 275 126 
351 234 383 138 352 73 426 87 278 312 117 70 396 139 204 213 91 88 216 101 408 266 363 477 56 378 39 466 114 447 199 456 296 146 260 453 311 231 431 347 193 18 229 393 298 187 418 462 472 251 38 221 275 126 271 121 369 364 34 96 274 324 327 446 158 65 344 67 433 276 392 33 115 172 425 156 239 279 398 372 32 120 297 233 
11 32 372 398 279 9 239 156 425 172 115 392 276 33 433 67 344 65 158 446 249 327 324 274 96 34 364 121 
10 343 403 404 26 322 385 
413 43 390 133 136 435 207 434 478 440 245 213 91 421 42 227 470 406 16 109 83 196 78 135 423 48 99 441 289 455 267 375 265 483 248 36 336 177 350 281 400 262 79 269 
186 422 220 414 346 211 21 357 263 92 81 250 53 325 175 118 169 194 188 331 231 453 146 296 456 260 199 447 466 39 114 408 378 56 477 363 266 101 216 88 213 204 139 396 70 117 312 278 426 87 339 
333 80 31 409 147 282 24 473 71 410 454 164 486 107 467 104 
178 232 14 68 328 383 138 352 268 234 73 339 87 426 278 312 117 70 396 139 204 213 421 216 101 266 363 477 56 378 394 408 114 39 466 447 199 260 456 296 453 146 
479 230 89 66 444 317 153 85 95 489 280 330 193 
342 44 488 160 16 109 196 315 78 423 48 127 83 135 455 99 289 267 375 265 483 248 36 336 177 350 281 400 262 79 269 335 205 184 206 8 370 388 175 258 325 53 250 81 92 263 357 21 211 346 414 220 452 155 302 128 9 120 32 372 279 239 156 425 172 115 392 276 433 67 344 65 158 327 201 41 442 33 0 264 457 
112 6 382 105 163 16 109 196 78 423 48 315 127 83 135 455 99 289 267 375 265 483 248 36 
118 206 184 205 335 269 79 262 400 281 350 177 336 36 248 483 265 375 267 289 441 137 37 62 107 467 113 
245 101 266 363 477 56 378 114 394 408 39 260 199 466 447 347 456 296 453 146 193 18 229 393 298 187 194 418 462 472 251 38 221 126 311 369 431 364 34 407 275 271 308 96 274 324 41 201 327 158 65 344 67 433 
294 282 410 44 488 227 342 163 16 109 196 78 423 48 315 127 83 455 135 99 289 267 375 265 483 248 36 336 177 350 281 400 262 79 269 335 205 184 206 8 370 258 325 188 231 331 193 280 489 330 169 3 95 85 494 450 150 173 326 23 464 495 366 397 191 237 22 361 236 429 424 461 240 303 111 74 285 286 469 291 373 318 288 492 247 
334 225 125 386 219 27 420 360 305 2 349 132 379 427 
145 17 295 203 40 293 57 448 123 190 371 47 197 401 112 6 382 105 16 109 196 78 423 48 315 455 127 83 135 99 289 267 375 265 483 248 36 336 118 177 350 281 400 262 79 269 335 205 184 206 8 370 388 175 395 218 449 445 386 219 27 420 360 305 2 349 132 379 427 471 102 200 
15 480 90 106 356 165 316 402 
180 318 341 492 130 468 283 235 33 270 436 457 398 442 201 327 65 46 320 329 284 
343 10 5 391 168 122 179 259 75 253 246 493 174 
204 139 396 70 117 312 278 426 234 42 268 87 339 328 68 14 232 352 300 340 192 428 419 49 255 26 404 
329 320 46 344 201 41 65 274 96 158 271 275 0 407 431 308 34 364 194 369 126 221 38 251 280 472 462 418 187 298 393 229 18 146 453 296 456 447 193 466 39 199 347 408 394 260 114 213 378 56 477 
309 49 482 255 26 404 403 210 183 195 343 10 391 179 259 75 122 253 246 493 174 366 495 365 100 129 475 191 397 237 149 236 22 303 361 429 424 461 240 111 74 286 373 
165 356 106 90 399 15 480 63 310 446 208 284 329 320 46 67 201 442 344 457 270 436 398 235 468 33 492 318 93 469 341 180 439 247 326 288 291 286 74 111 240 461 424 429 361 303 22 236 
352 138 166 243 383 124 374 167 154 45 261 86 142 460 470 451 411 337 367 72 13 189 145 17 295 203 40 293 57 448 123 190 371 47 197 401 112 6 382 105 91 410 44 486 488 282 24 473 467 108 376 30 334 241 125 37 386 225 147 
33 492 468 235 398 270 436 148 457 344 442 41 67 274 96 271 275 65 407 158 431 0 311 308 34 194 364 280 369 126 221 38 251 472 462 418 
461 424 373 429 361 285 236 149 237 303 397 150 129 100 365 191 1 495 122 168 366 174 493 246 253 75 259 10 343 5 195 210 403 404 26 255 183 309 49 482 340 419 428 
308 34 364 280 369 126 221 38 251 472 462 418 187 298 393 494 331 325 3 250 489 81 92 263 188 
133 68 87 238 14 232 42 138 243 
304 121 181 95 481 76 380 292 405 131 212 479 230 89 66 444 317 20 153 94 330 229 331 325 250 3 489 81 92 263 357 21 211 346 188 414 220 
42 243 
160 70 396 139 204 101 266 363 477 56 378 114 260 408 213 347 394 193 199 39 466 447 18 456 453 296 229 146 393 298 187 418 494 462 472 251 38 221 126 
351 438 124 45 374 261 214 470 154 86 142 460 411 337 367 72 13 189 145 17 295 203 40 293 57 448 123 190 371 47 197 401 112 6 382 105 109 196 410 78 423 48 455 440 99 163 289 315 127 83 135 267 375 265 483 248 36 336 177 350 281 400 262 79 269 335 205 53 184 206 8 489 370 3 250 325 331 393 298 187 418 462 494 472 251 38 221 126 369 34 308 0 158 194 65 311 67 431 407 275 271 96 276 274 324 392 327 115 172 425 156 239 279 372 32 120 297 233 
11 443 128 465 302 233 297 120 32 372 279 239 156 425 172 115 327 201 41 392 274 96 271 275 407 431 311 67 65 194 158 0 121 
10 343 495 366 174 493 246 253 5 421 75 259 179 210 195 403 404 26 255 309 49 340 482 419 385 
413 43 345 390 88 161 272 226 434 245 363 204 477 56 378 114 260 408 347 213 193 394 199 18 229 39 466 447 453 456 296 250 370 81 8 206 184 205 335 269 
186 422 388 175 364 280 308 34 494 369 126 221 38 251 472 462 418 187 298 393 146 456 447 453 466 39 229 18 199 394 193 213 347 408 260 114 378 56 204 477 139 396 70 117 266 312 278 426 234 268 328 68 14 160 232 87 133 339 
333 374 470 214 142 154 86 460 411 337 367 72 13 189 145 17 295 203 40 293 207 57 448 123 190 371 47 197 401 112 6 382 105 16 185 44 467 91 282 24 417 125 386 27 37 137 360 445 2 305 376 30 104 
178 42 339 133 87 160 232 14 68 328 268 266 234 426 278 312 117 70 477 396 56 378 204 114 260 408 347 193 213 394 199 18 229 39 325 453 466 456 146 
214 142 154 86 460 411 337 367 72 13 189 145 17 295 207 203 40 293 57 448 123 190 371 47 197 401 112 6 382 105 109 196 78 423 48 455 99 410 440 289 163 315 127 83 135 267 375 265 483 248 36 336 177 350 281 400 262 79 269 335 205 184 206 8 81 458 3 489 218 231 449 104 
479 230 89 66 444 94 317 153 330 466 456 453 39 325 229 18 199 213 394 193 
342 396 378 114 139 260 408 204 347 193 394 213 199 18 229 325 39 453 456 466 250 146 393 298 187 418 462 472 251 38 221 126 369 34 494 158 65 0 67 276 392 194 311 431 115 407 275 271 96 274 324 172 41 442 457 
112 109 6 196 382 78 105 423 48 455 99 410 440 289 53 163 315 127 83 135 267 375 265 483 248 36 
118 18 199 213 229 325 39 453 456 466 146 331 447 370 296 263 458 92 81 395 218 3 489 231 113 
245 378 114 70 260 408 396 347 139 204 193 394 18 199 229 213 325 250 39 453 456 466 146 393 298 187 418 462 472 251 38 221 126 369 34 158 494 65 67 0 276 392 115 194 311 431 407 172 275 271 96 274 324 492 41 442 457 425 318 344 313 433 
294 488 125 386 202 91 348 242 24 473 27 37 116 360 445 2 305 137 449 30 104 113 231 489 3 218 395 81 92 206 458 296 447 370 331 146 393 153 330 317 444 66 94 89 20 173 435 23 429 149 285 236 341 461 240 111 74 286 291 288 247 
334 430 488 217 59 294 125 386 77 202 91 282 24 473 27 242 360 116 445 2 305 137 449 30 104 113 132 349 219 471 376 420 97 147 9 379 427 
145 17 295 203 40 109 293 57 448 123 190 371 47 197 401 112 101 342 486 312 260 378 408 117 347 70 396 193 139 204 18 394 229 199 325 213 250 39 453 456 466 393 298 187 418 146 462 472 251 38 221 126 369 34 158 494 67 65 0 276 392 115 172 194 311 431 407 275 271 318 96 274 324 46 156 302 239 279 372 32 120 297 233 487 485 465 128 446 490 244 159 11 134 200 
15 480 310 63 264 402 
159 11 134 200 
180 439 247 391 288 291 286 74 111 240 461 341 236 285 149 429 397 343 23 136 20 173 94 89 35 444 330 393 298 187 418 462 472 251 38 221 126 369 34 158 494 67 65 0 276 392 115 172 318 194 311 431 407 275 271 96 274 41 201 46 324 329 284 
343 361 129 10 169 22 373 237 303 5 246 174 
204 18 139 396 70 117 193 347 408 378 260 245 272 486 363 56 434 381 253 493 170 51 88 390 345 495 216 191 1 421 366 75 403 404 
329 324 201 41 46 96 271 275 407 431 311 194 318 172 115 0 392 65 276 67 146 494 158 34 369 126 221 38 251 472 462 418 187 466 298 39 456 453 393 213 250 199 325 394 229 204 139 18 396 70 117 193 347 408 378 272 312 278 426 234 268 328 68 14 232 160 114 87 133 339 477 
309 75 255 26 404 403 366 421 1 191 216 174 246 5 303 237 373 
165 356 264 106 338 90 399 63 310 480 15 208 327 284 329 302 156 201 274 96 271 46 275 407 431 311 194 318 172 115 0 65 392 146 67 370 494 158 34 369 126 221 38 251 472 462 466 418 187 298 330 444 223 35 94 173 136 361 23 429 424 397 149 285 236 
352 209 243 332 300 42 266 477 339 133 87 114 160 232 14 68 328 268 234 426 278 312 408 378 347 193 18 117 229 70 396 139 204 394 250 199 393 453 456 213 39 317 8 153 263 447 395 218 81 489 3 349 97 219 484 420 376 241 9 147 
136 361 23 461 149 285 236 
33 286 74 111 341 236 285 149 397 461 429 361 136 173 94 35 230 223 444 330 298 187 418 
461 23 429 361 136 173 94 35 479 230 223 416 54 58 222 478 224 162 66 277 226 437 98 301 85 273 257 28 143 7 434 486 493 253 260 363 245 347 278 426 234 268 328 68 14 232 160 87 133 114 477 266 42 300 167 306 195 192 428 
308 422 12 69 188 
133 339 114 477 42 266 300 332 243 
304 121 65 370 115 392 466 67 494 158 34 369 126 221 38 251 472 462 418 187 331 444 8 39 317 153 263 357 21 211 346 414 220 
160 232 14 68 328 268 234 426 278 493 193 408 378 18 312 229 117 250 70 396 394 139 199 204 393 453 456 213 298 187 418 462 472 251 38 221 126 
351 333 383 374 470 109 196 142 214 154 207 86 460 411 337 367 72 13 189 145 17 295 203 40 293 455 57 448 123 190 371 53 48 78 99 197 401 440 112 458 6 410 382 105 163 315 127 83 135 267 375 265 483 248 36 336 177 350 281 400 262 79 269 335 205 184 206 317 39 444 8 331 187 418 462 472 251 38 221 126 369 34 158 494 67 392 115 466 172 370 65 0 318 146 46 194 311 431 407 275 271 156 274 239 302 279 372 32 120 297 233 
11 427 379 446 29 492 388 188 69 12 422 452 364 280 276 175 370 65 121 
10 111 240 461 424 169 303 5 373 246 174 237 216 75 191 1 421 403 404 26 255 309 49 340 419 385 
413 43 345 390 88 7 260 495 143 434 486 381 363 245 18 408 378 278 229 312 250 117 394 70 393 396 199 139 204 453 456 213 331 298 444 39 153 263 184 205 335 269 
186 308 395 317 184 205 335 269 79 262 400 281 350 177 336 36 248 483 265 375 267 135 83 127 315 163 105 382 6 410 112 401 458 197 371 440 99 78 48 53 342 253 493 426 18 234 193 268 328 68 14 232 160 347 87 133 339 
333 432 389 144 359 124 64 334 488 368 125 386 91 27 80 360 445 215 71 305 430 217 59 294 176 37 24 417 137 132 471 82 97 231 256 77 3 202 81 30 104 
178 477 114 42 339 133 347 87 160 232 14 193 68 328 18 268 234 408 229 378 426 278 250 312 393 394 117 199 396 139 204 453 456 187 418 213 462 472 251 38 221 126 369 34 158 494 67 392 8 115 172 175 466 0 318 46 370 146 
82 97 231 353 256 3 77 81 202 30 104 
479 301 70 117 394 393 312 250 278 426 378 408 229 234 268 328 18 68 14 232 193 
82 231 353 256 3 81 77 202 30 104 
342 48 440 78 99 190 458 371 197 401 112 410 289 6 382 105 163 315 127 83 135 267 375 265 483 248 36 336 177 350 281 400 262 79 269 335 205 184 39 444 153 298 230 331 462 472 251 38 213 221 126 369 34 158 494 67 392 115 172 8 175 65 0 46 318 466 370 146 156 194 311 431 407 275 41 457 
112 410 289 6 382 105 163 315 127 83 135 267 375 265 483 248 36 
153 298 230 331 462 472 251 38 221 126 213 369 34 158 494 67 392 115 172 8 46 65 0 318 466 370 156 146 194 311 431 407 275 41 457 
118 199 117 396 139 187 453 204 456 418 331 230 298 153 444 184 263 395 218 317 489 447 242 113 
245 486 229 408 378 381 250 426 278 393 312 394 199 117 396 187 139 453 456 204 462 472 251 38 221 126 369 34 158 494 67 392 115 172 8 46 121 304 433 
294 59 217 430 141 101 323 164 406 423 455 207 214 154 86 460 411 337 367 72 13 189 53 145 17 295 203 40 253 293 57 48 440 78 99 448 458 123 190 371 197 401 410 112 6 382 105 163 315 127 83 135 267 375 265 483 248 36 336 177 350 281 400 262 79 269 335 205 184 357 298 153 230 331 204 456 418 330 361 416 380 223 405 173 136 35 23 291 439 341 236 285 149 398 247 
334 488 27 360 108 445 305 80 430 217 59 294 132 215 471 71 282 37 24 417 137 97 231 176 3 81 82 353 256 30 104 113 77 349 219 202 348 420 116 9 249 446 379 427 
145 17 295 203 40 293 57 493 458 48 440 78 99 448 123 190 371 197 410 401 112 6 382 105 163 315 127 83 135 267 375 265 483 248 36 336 177 350 281 400 262 79 269 335 205 444 263 395 218 317 489 447 349 219 202 348 420 116 492 249 446 379 427 376 241 11 200 
15 480 310 63 327 399 264 90 106 356 165 316 55 402 
241 11 200 
180 341 236 285 149 398 247 23 405 173 223 76 58 330 462 472 251 38 221 126 369 34 158 494 67 392 115 172 46 213 65 0 318 8 156 466 370 239 146 194 311 407 275 431 41 469 279 329 457 284 
343 326 20 362 130 94 425 476 291 283 33 341 236 285 149 398 247 397 129 10 35 288 286 74 111 240 75 461 303 5 169 373 246 174 
204 34 369 126 221 38 251 472 139 456 396 453 117 418 187 199 312 394 278 426 381 393 234 378 408 250 486 245 363 22 434 85 273 257 50 56 385 161 419 191 454 340 237 255 26 404 
329 469 279 431 275 311 194 146 370 466 239 8 318 0 156 65 213 46 172 115 392 67 204 494 158 34 369 126 221 38 251 472 139 462 396 456 453 117 418 187 312 199 394 278 426 381 234 393 378 408 250 486 328 268 68 14 232 160 229 87 133 339 18 193 42 347 109 196 306 166 477 
309 255 26 404 403 421 424 174 246 373 
165 316 55 402 324 25 450 487 235 270 20 362 130 94 425 433 476 223 23 180 398 149 285 236 
421 424 174 246 373 
352 209 266 114 167 300 109 347 196 306 166 477 374 470 455 53 142 73 207 253 423 214 154 86 460 411 337 367 72 13 189 145 17 295 458 203 40 293 48 440 78 99 57 493 448 123 190 410 371 197 112 6 382 105 163 315 127 83 135 267 375 265 483 248 36 336 177 350 281 400 262 79 269 335 205 230 357 395 218 444 263 489 447 349 219 484 420 202 348 492 9 116 379 427 241 376 102 147 
94 425 433 476 223 23 180 398 149 285 236 
33 341 236 285 149 398 397 180 23 51 405 173 58 222 481 478 224 162 277 226 76 98 301 131 380 292 429 70 187 199 418 
461 345 43 413 482 7 56 385 161 191 428 
308 395 230 335 21 205 211 346 414 220 355 298 184 39 276 452 155 52 296 157 119 485 188 
133 339 273 257 385 191 56 161 428 322 243 
304 416 121 65 204 156 139 46 172 115 392 67 494 158 34 369 126 221 38 251 472 331 153 462 361 211 346 205 414 220 
160 250 232 393 486 408 378 328 234 381 394 426 418 199 278 312 453 456 117 472 251 38 221 126 
351 333 477 383 374 470 455 53 142 73 207 253 423 458 214 154 86 460 411 337 367 72 13 189 145 17 293 295 48 440 78 99 40 57 493 448 123 190 410 371 197 112 6 382 105 163 315 127 83 135 267 375 265 483 248 36 336 177 350 281 400 262 79 269 335 211 462 153 331 117 472 251 38 221 126 369 34 158 396 494 67 392 115 172 46 156 139 175 204 0 318 239 407 213 279 329 8 466 370 146 194 275 311 284 475 372 302 32 120 297 233 
11 200 134 159 388 244 490 128 228 442 412 457 274 208 469 302 372 284 311 275 194 146 370 466 8 329 213 279 407 204 318 239 0 65 121 
10 100 210 365 283 75 180 439 247 35 288 421 303 5 169 373 246 174 286 74 111 240 424 454 403 404 26 255 309 49 340 419 161 56 385 
200
413 43 345 390 88 495 212 66 292 380 76 437 429 481 181 131 301 98 226 436 277 162 330 312 153 462 211 269 
240 454 424 403 404 26 255 309 49 340 419 161 56 385 
162 18 192 368 455 229 78 393 19 101 418 232 14 68 328 138 121 16 234 251 61 38 221 278 126 369 34 158 494 472 67 392 115 172 46 156 239 312 15 329 164 279 396 284 139 372 204 32 213 8 466 370 146 150 194 120 89 52 75 66 153 310 171 
201
186 206 422 39 298 184 205 355 220 414 346 211 79 262 400 281 350 177 336 36 248 483 265 375 267 135 83 127 315 163 105 382 6 112 197 325 187 118 401 426 394 234 381 418 328 68 14 232 378 408 486 89 268 160 393 250 87 133 339 
333 477 383 53 374 470 458 142 73 207 253 423 214 154 86 460 411 337 367 72 13 189 145 17 293 295 48 440 78 99 40 57 493 448 123 190 410 371 197 112 6 382 105 163 315 127 83 361 135 267 375 265 483 248 36 336 177 350 281 400 262 79 21 395 218 230 489 447 444 242 353 104 
178 306 42 229 339 133 87 250 393 89 160 268 486 408 378 232 14 68 328 418 381 394 426 234 199 278 453 456 472 312 251 38 221 126 369 34 158 494 67 392 115 172 46 156 396 239 65 0 318 407 279 204 329 213 8 284 466 370 146 
351 26 189 84 39 188 174 94 173 176 136 149 159 7 114 143 164 150 410 
79 35 96 124 45 88 8 16 121 173 176 136 149 159 7 114 182 85 75 
289 281 141 167 238 96 124 261 271 88 8 138 101 266 390 
159 7 264 212 182 85 285 75 
392 67 161 325 219 221 41 31 263 92 69 220 307 5 169 198 191 89 
159 7 264 212 182 85 285 75 
159 7 264 114 143 273 240 164 150 231 410 
425 81 220 307 5 169 198 191 89 52 12 131 
159 7 264 212 182 85 285 75 
200
162 18 192 368 455 229 78 393 19 101 418 232 14 68 328 138 121 16 234 251 61 38 221 278 126 369 34 158 494 472 67 392 115 172 46 156 239 312 15 329 164 279 396 284 139 372 204 32 213 8 466 370 146 150 194 120 89 52 75 66 153 310 171 
201
405 329 164 279 396 284 139 372 32 204 213 8 466 370 146 120 150 194 297 320 311 475 469 457 92 31 442 41 219 
202
406 60 178 23 226 98 301 149 100 38 61 79 262 128 346 281 350 87 177 336 36 248 483 265 375 267 135 83 127 315 163 105 382 6 112 197 371 45 190 123 448 493 57 40 295 
370 79 35 96 124 45 88 8 16 121 173 176 136 149 159 7 114 182 85 52 
393 46 169 150 164 143 15 100 91 16 121 138 101 19 163 47 78 139 376 
257 140 182 114 143 164 150 169 5 69 92 31 41 115 486 
386 76 119 9 187 2 66 153 183 90 140 7 159 149 136 176 173 94 174 188 39 84 189 26 117 139 54 
325 219 221 41 31 263 92 69 220 307 5 169 198 231 150 164 240 273 143 114 264 7 159 230 149 136 176 272 227 94 174 306 209 146 95 210 
257 90 140 317 212 114 143 273 240 164 150 231 198 169 5 307 220 69 92 263 31 41 221 219 486 
288 0 189 43 70 307 57 26 28 261 3 55 181 202 94 47 250 56 226 170 30 112 267 89 133 75 316 302 15 207 
181 202 94 47 250 56 226 170 30 112 267 89 133 75 316 302 15 207 
181 202 94 47 250 56 226 170 30 112 267 89 133 75 316 302 15 207 
189 43 70 307 57 26 28 261 3 55 181 202 94 297 118 246 268 
70 307 57 26 28 261 3 55 181 202 94 47 250 56 226 170 30 112 267 89 133 75 48 
297 118 246 268 
133 75 48 
167 106 96 275 256 9 182 
159 116 195 262 84 79 102 291 246 212 232 308 
288 189 43 70 276 129 17 184 56 226 170 30 112 267 89 133 75 316 302 15 207 
15 207 
25 50 82 200 6 85 132 110 241 142 56 226 170 30 312 306 180 79 108 78 265 
25 50 82 200 6 85 132 110 241 142 56 226 170 30 312 306 180 79 108 78 265 
189 43 70 307 57 26 28 261 3 283 63 232 268 
25 50 82 200 6 85 132 110 241 142 56 226 170 30 312 306 180 79 108 78 265 
25 50 82 200 6 85 132 110 241 142 56 226 170 30 312 306 180 79 108 78 265 
70 276 129 17 184 56 226 170 30 112 267 89 133 75 48 
25 50 82 200 6 85 132 110 241 142 56 226 170 30 312 306 180 79 108 78 265 
25 50 82 200 6 85 132 110 241 142 56 226 170 30 312 306 180 79 108 78 265 
70 276 129 17 184 56 226 170 30 112 267 89 133 75 48 
167 65 309 9 182 
159 116 195 262 84 79 102 291 246 212 232 308 
230 82 200 6 85 132 110 241 184 250 47 94 297 118 246 212 232 308 311 31 
84 79 102 291 246 212 232 308 
84 79 102 291 246 212 232 308 
47 250 184 241 110 132 85 6 200 82 50 
47 94 297 118 246 212 232 308 311 31 
47 94 297 118 246 212 232 308 311 31 
47 250 184 241 110 132 85 6 200 82 50 
288 189 43 70 276 129 17 184 56 226 170 30 112 267 89 133 75 316 302 15 162 207 
6 200 82 50 
25 50 82 200 6 85 132 110 241 142 56 226 170 30 312 306 180 79 108 78 265 
15 302 48 24 152 245 16 45 
70 276 129 17 184 56 226 170 30 112 267 89 133 75 316 302 15 162 207 
15 302 48 24 152 245 16 45 
70 276 129 17 58 284 241 142 56 226 170 30 112 267 89 133 75 316 302 15 162 207 
200 6 85 132 110 241 142 56 226 170 30 312 306 180 79 108 78 265 
189 43 70 307 57 26 28 3 283 63 232 268 
15 302 48 24 152 245 16 45 
70 276 129 17 58 284 241 142 56 226 170 30 112 267 89 133 75 316 302 15 162 207 
200 6 85 132 110 241 142 56 226 170 30 312 306 180 79 108 78 265 
70 276 129 17 58 284 241 142 56 226 170 30 112 267 89 133 75 48 
167 18 65 9 309 182 
159 116 22 255 103 90 180 79 102 275 96 106 18 73 268 308 
15 316 302 48 197 245 16 45 
288 189 43 70 276 129 17 58 284 241 142 56 226 170 112 267 89 133 75 15 316 302 162 207 
15 316 302 162 207 
47 250 56 226 170 112 267 89 158 295 24 245 16 45 25 107 50 
15 316 302 162 207 
15 316 302 162 207 
189 43 70 307 57 26 28 240 261 55 181 202 94 297 118 246 268 
15 316 302 162 207 
15 316 302 162 207 
25 45 16 245 24 295 158 89 267 112 30 312 306 180 79 108 78 265 
70 307 57 26 28 240 261 55 181 202 94 47 250 56 226 170 112 267 89 133 75 15 48 
15 316 302 162 207 
25 45 16 245 24 295 158 89 267 112 30 312 306 180 79 108 78 265 
25 107 50 
26 28 240 261 55 181 202 94 297 118 246 268 
25 45 16 245 24 295 158 89 267 112 30 312 306 180 79 102 20 317 265 
26 28 240 261 55 181 202 94 297 118 246 268 
167 65 309 182 
26 28 240 261 55 181 202 94 297 118 246 268 
28 240 261 55 181 202 94 47 250 56 226 170 112 267 89 133 75 15 48 
159 116 22 255 103 90 180 79 102 20 275 18 96 106 73 268 308 
267 112 30 312 306 180 79 102 20 317 265 
267 89 133 75 15 48 
65 309 182 
230 107 25 45 16 245 24 152 139 295 158 89 267 112 30 312 306 180 79 102 20 18 275 96 106 73 44 311 31 
267 112 30 312 306 180 79 102 20 317 265 
267 89 133 75 48 
20 18 275 96 106 73 268 308 
267 112 30 312 306 180 79 102 20 317 265 
267 89 133 75 48 
20 18 275 96 106 73 268 308 
89 267 112 30 312 306 180 79 102 20 18 275 96 106 73 44 311 31 
20 18 275 96 106 73 268 308 
89 267 112 30 312 306 180 79 102 20 18 275 96 106 73 44 311 31 
89 267 112 170 30 312 306 180 79 102 20 18 275 96 106 73 44 311 31 
288 189 122 70 307 57 26 130 28 240 261 55 181 202 94 47 250 56 226 170 112 267 89 133 15 75 316 302 162 207 
26 130 28 240 261 55 181 202 94 47 250 56 226 170 112 267 89 133 15 75 316 302 162 207 
26 130 28 240 261 55 181 202 94 47 250 56 226 170 112 267 89 133 15 75 316 302 162 207 
189 122 70 307 57 26 130 28 240 261 55 181 202 94 297 118 246 268 
70 307 26 57 130 28 240 261 55 181 202 94 47 250 56 226 170 112 267 89 133 15 75 48 
118 246 268 
118 246 268 
118 246 268 
167 65 309 182 
159 116 22 195 262 84 79 20 102 18 275 96 106 73 268 308 
230 82 200 10 52 85 132 110 241 184 250 47 94 297 118 246 212 232 308 31 
106 73 268 31 
106 73 268 31 
106 73 268 308 
15 133 89 267 112 170 226 56 142 241 110 132 85 52 10 200 82 6 45 
106 73 268 31 
106 73 268 308 
47 250 184 241 110 132 85 52 10 213 149 50 
106 73 268 308 
170 226 56 142 241 110 132 85 52 10 200 82 6 45 
288 189 122 70 307 17 57 130 28 240 261 55 181 202 94 47 250 56 226 170 112 267 89 133 75 316 302 162 207 
170 226 56 142 241 110 132 85 52 10 200 82 6 45 
25 45 6 82 200 10 52 85 132 110 241 142 56 226 170 312 30 306 180 20 79 108 78 265 
181 202 94 47 250 56 226 170 112 267 89 133 75 316 302 162 207 
181 202 94 47 250 56 226 170 112 267 89 133 75 316 302 162 207 
189 122 70 17 307 57 23 28 240 261 55 181 202 94 297 118 42 246 268 
181 202 94 47 250 56 226 170 112 267 89 133 75 316 302 162 207 
70 17 307 57 23 28 240 261 55 181 202 94 47 250 56 226 170 112 267 89 158 48 
23 28 240 261 55 181 202 94 297 118 42 246 268 
23 28 240 261 55 181 202 94 297 118 42 246 268 
28 240 261 55 181 202 94 47 250 56 226 170 112 267 89 158 48 
170 112 267 89 133 75 316 302 162 59 207 
167 65 309 182 
28 240 261 55 181 202 94 47 250 56 226 170 112 267 89 158 48 
170 112 267 89 133 75 316 302 162 59 207 
159 116 255 103 90 306 30 180 20 79 102 18 275 96 106 73 268 308 
28 240 261 55 181 202 94 47 250 56 226 170 112 267 89 158 48 
170 112 267 89 133 75 316 302 162 59 207 
65 309 182 
230 50 149 213 10 52 85 132 110 241 184 250 47 94 297 118 42 3 232 31 
65 309 182 
232 31 
47 94 250 184 241 110 132 85 10 52 213 149 50 
288 189 17 70 26 129 43 58 204 284 241 142 56 226 170 112 267 89 133 75 316 302 162 59 207 
184 241 110 132 85 10 52 213 149 50 
316 302 15 59 111 124 67 234 66 19 223 64 235 179 296 298 1 138 12 206 258 11 143 4 
310 80 65 106 96 275 102 79 180 306 312 30 112 267 89 158 295 24 
62 64 235 179 296 298 1 138 12 206 258 
30 61 186 137 159 5 248 7 92 13 
241 184 250 47 94 297 118 42 178 291 96 275 
278 309 65 18 246 118 297 94 202 181 55 17 284 
298 1 81 92 7 248 259 77 54 249 
263 176 238 77 259 248 5 190 40 37 64 223 19 
19 223 64 235 179 296 298 1 138 12 206 258 11 143 4 198 117 266 157 147 192 
238 77 259 248 5 190 40 37 64 
143 4 198 117 266 157 147 192 
179 235 37 40 190 5 248 259 77 195 262 84 79 102 275 96 106 18 44 311 95 305 
273 267 89 133 75 316 302 15 59 111 124 67 
102 275 96 106 18 44 311 95 305 
150 258 206 12 138 1 81 285 190 159 137 186 61 312 145 205 
102 275 96 106 18 44 311 95 305 
273 267 89 133 75 316 302 15 59 111 124 67 
73 106 96 275 102 79 84 262 195 116 
102 275 96 106 18 44 311 95 305 
206 12 138 1 81 285 190 159 137 186 61 312 145 205 
106 96 275 102 79 84 262 195 116 
158 89 267 112 30 61 32 103 22 195 77 
106 96 275 102 79 84 262 195 116 
106 96 275 102 79 84 262 195 116 
195 77 
157 266 117 198 4 143 11 258 206 12 138 1 81 92 7 248 259 77 195 262 84 79 102 275 96 106 65 80 310 
143 11 258 206 12 138 1 81 92 7 248 259 77 195 262 84 79 102 275 96 106 65 80 310 
143 11 258 206 12 138 1 81 92 7 248 259 77 195 262 84 79 102 275 96 106 65 80 310 
19 223 64 235 179 296 298 1 138 12 206 258 11 143 4 198 117 266 157 147 192 
238 77 259 248 5 190 40 37 64 
157 147 192 
179 235 37 40 190 5 248 259 77 195 262 84 79 102 275 96 106 18 44 311 95 305 
238 77 259 248 5 190 40 37 64 
273 267 89 133 75 316 302 15 59 111 124 67 
102 275 96 106 18 44 311 95 305 
150 258 206 287 12 138 1 81 285 190 159 137 186 61 312 145 205 
102 275 96 106 18 44 311 95 305 
73 106 96 275 102 79 84 262 195 116 
137 186 61 312 145 205 
137 186 61 312 145 205 
195 116 
158 89 267 112 30 61 32 103 22 195 77 
137 186 61 312 145 205 
157 266 117 198 4 150 258 206 287 12 138 1 81 285 248 259 77 195 262 84 79 102 275 96 106 65 80 310 
185 155 318 54 77 195 22 103 32 61 30 170 226 56 142 241 110 132 85 6 200 82 50 107 
132 85 6 200 82 50 107 
19 223 64 235 179 296 298 1 138 12 287 206 258 150 4 198 117 266 157 147 192 
238 77 259 248 190 5 40 37 64 
179 235 37 40 5 190 248 259 77 195 262 84 79 102 275 96 106 18 73 44 311 95 305 
77 259 248 190 5 40 37 64 
273 267 89 133 75 316 302 15 162 59 111 124 67 
77 259 248 190 5 40 37 64 
259 77 195 262 84 79 102 275 96 106 18 73 44 311 95 305 
150 258 206 287 12 138 13 1 81 285 190 159 137 186 61 312 145 205 
77 259 248 190 5 40 37 64 
259 77 195 262 84 79 102 275 96 106 18 73 44 311 95 305 
133 75 316 302 15 162 59 111 124 67 
73 18 106 96 275 102 79 180 90 103 255 22 116 
259 77 195 262 84 79 102 275 96 106 18 73 44 311 95 305 
158 89 267 112 30 61 32 103 255 22 195 77 
267 112 30 61 32 103 255 22 195 77 
238 77 259 248 190 40 5 37 64 
179 235 37 5 40 190 248 259 77 238 176 141 108 317 20 275 18 96 106 73 44 311 95 305 
40 5 37 64 
273 267 89 133 75 15 316 302 162 59 111 124 67 
40 5 37 64 
40 5 37 64 
150 11 35 234 67 124 111 59 162 302 316 15 75 133 89 267 112 30 312 145 205 
40 5 37 64 
40 5 37 64 
40 190 248 259 77 238 176 141 108 20 275 18 96 106 73 44 311 95 305 
73 106 96 18 275 20 102 79 180 90 103 255 22 116 
11 35 66 234 67 124 111 59 162 302 316 15 75 133 89 267 112 30 312 145 205 
158 89 267 112 30 61 32 103 255 22 195 77 
299 279 68 59 162 302 316 75 15 133 89 267 112 170 226 56 250 47 94 202 181 55 261 240 28 130 23 
170 226 56 250 47 94 202 181 55 261 240 28 130 23 
238 77 259 248 190 40 37 64 
179 235 37 40 190 248 259 77 195 262 84 79 102 20 18 275 96 106 65 44 311 31 95 305 
19 235 179 1 206 258 150 4 187 266 157 147 192 
19 235 179 1 206 258 150 4 187 266 157 147 192 
273 267 89 133 15 75 316 302 162 59 111 124 67 
19 235 179 1 206 258 150 4 187 266 157 147 192 
19 235 179 1 206 258 150 4 187 266 157 147 192 
179 235 37 40 172 137 159 116 22 195 262 84 79 102 20 18 275 96 106 65 44 311 31 95 305 
150 258 206 1 179 235 37 40 172 137 186 32 61 312 145 205 
179 235 37 40 172 137 159 116 22 195 262 84 79 20 102 18 275 96 106 73 268 311 31 95 305 
73 106 96 275 18 102 20 79 84 262 195 22 116 
179 235 37 40 172 137 159 116 22 195 262 84 79 20 102 18 275 96 106 73 268 311 31 95 305 
235 37 40 172 137 186 32 61 312 145 205 
235 37 40 172 137 186 32 61 312 145 205 
158 133 15 5 40 172 137 159 7 248 259 77 
157 266 187 4 258 206 1 296 298 81 285 7 248 259 77 22 195 262 84 79 20 102 18 275 96 106 65 80 310 
185 155 318 54 77 22 195 262 84 90 306 30 312 170 226 56 142 241 110 132 85 52 10 213 149 50 140 107 
102 18 275 96 106 65 80 310 
299 279 68 14 59 162 302 316 75 133 89 267 112 170 226 56 250 47 94 202 181 55 261 240 28 130 23 
102 18 275 96 106 65 80 310 
90 306 30 312 170 226 56 142 241 110 132 85 52 10 213 149 50 140 107 
19 5 62 64 235 179 1 206 258 4 187 266 157 147 192 
90 306 30 312 170 226 56 142 241 110 132 85 52 10 213 149 50 140 107 
238 22 77 259 248 7 190 37 40 64 
90 306 30 312 170 226 56 142 241 110 132 85 52 10 213 149 50 140 107 
170 226 56 250 47 94 202 181 55 261 240 28 23 
179 272 37 190 7 248 259 77 22 238 176 141 108 317 18 275 96 106 73 268 31 311 95 41 305 
170 226 56 250 47 94 202 181 55 261 240 28 23 
77 259 248 7 190 37 40 64 
273 267 89 133 75 316 302 162 59 111 124 67 
77 259 248 7 190 37 40 64 
259 77 22 238 176 141 108 18 275 96 106 73 268 31 311 95 41 305 
150 4 258 206 1 296 13 298 81 285 190 159 137 186 32 61 312 145 205 
77 259 248 7 190 37 40 64 
259 77 22 238 176 141 108 18 275 96 106 73 268 311 95 41 305 
73 106 96 275 18 102 79 20 180 30 306 90 103 255 116 
259 77 22 238 176 141 108 18 275 96 106 73 268 311 95 41 305 
275 18 102 79 20 180 30 306 90 103 255 116 
158 133 15 172 7 190 248 259 77 
275 18 102 79 20 180 30 306 90 103 255 116 
18 275 96 106 73 268 311 95 41 305 
275 18 108 141 176 238 22 195 116 
18 275 96 106 73 268 311 95 305 
18 275 96 106 73 268 311 95 305 
185 155 318 54 77 195 262 84 90 61 112 170 226 56 142 241 110 132 85 10 52 213 149 50 140 107 
299 279 68 59 162 302 316 75 133 89 267 112 170 226 56 142 241 284 204 58 43 129 276 26 57 23 
85 10 52 213 149 50 140 107 
299 279 68 59 162 302 316 75 133 89 267 112 170 226 56 142 241 284 204 58 43 129 26 57 23 
238 22 77 259 248 190 7 37 40 64 
299 279 68 59 162 302 316 75 48 158 89 267 112 170 226 142 241 284 204 58 43 129 26 57 23 
179 235 64 40 37 7 190 248 259 77 195 262 84 180 30 79 102 291 246 212 232 31 308 311 95 305 
299 279 68 59 162 302 316 75 48 158 89 267 112 170 226 142 241 284 204 58 43 26 129 276 57 23 
273 267 89 158 48 75 316 302 162 59 207 111 124 104 67 
248 259 77 195 262 84 180 30 79 102 291 246 212 232 31 308 311 95 305 
150 258 4 206 287 138 298 81 285 190 159 137 32 186 61 312 145 205 
73 106 96 275 102 18 79 30 180 84 262 195 116 
158 133 15 172 137 159 190 248 259 77 
185 91 154 22 54 262 84 90 306 20 61 312 145 205 56 142 241 110 132 85 10 52 213 149 50 140 107 
299 279 68 59 162 302 316 24 48 158 89 267 112 170 226 56 184 55 26 129 276 23 
54 262 84 90 306 20 61 312 145 205 56 142 241 110 132 85 10 52 213 149 50 140 107 
56 184 55 26 129 276 23 
238 77 259 248 190 37 7 64 
179 235 40 64 7 37 172 137 32 186 103 90 180 18 79 102 275 96 106 65 73 167 268 9 95 305 
273 267 260 48 133 75 237 24 14 5 111 207 165 67 
150 143 2 69 227 74 231 299 279 165 207 111 5 14 24 237 75 133 48 260 267 112 170 312 145 205 
73 65 106 96 275 102 108 30 262 195 116 
2 69 227 74 231 299 279 165 207 111 5 162 302 316 237 75 158 89 48 15 260 267 112 170 312 145 205 
158 89 48 260 15 267 112 170 20 312 61 306 90 84 262 195 77 
262 195 77 
299 279 165 207 162 302 316 237 75 158 89 48 260 15 267 112 170 226 56 184 55 26 129 276 23 
238 77 195 116 32 137 172 19 37 64 
179 272 285 190 159 137 32 116 195 262 84 54 79 102 275 73 96 106 65 161 80 310 41 95 305 
19 37 64 
273 15 260 48 153 133 237 316 302 162 207 5 165 279 67 
106 65 161 80 310 41 95 305 
150 258 206 4 40 296 13 179 235 37 19 62 48 260 15 20 170 312 145 205 
73 275 102 54 79 84 262 195 116 
235 37 19 62 48 260 15 20 170 312 145 205 
195 116 
158 153 89 267 15 20 170 312 18 306 90 84 262 195 77 
299 67 279 165 5 207 111 11 316 237 133 153 48 15 112 170 226 55 184 26 56 23 
19 14 37 64 7 24 223 66 40 4 206 258 150 143 2 198 117 266 157 147 192 
111 35 11 1 24 7 64 37 14 19 62 260 48 15 112 170 226 55 184 26 56 23 
238 77 195 116 159 137 172 19 14 37 64 
111 35 11 1 7 24 64 37 14 19 62 260 48 267 20 217 43 142 55 184 26 56 23 
19 14 37 64 24 7 223 66 4 206 258 150 143 2 198 117 266 157 147 192 
157 266 117 198 2 143 150 258 206 4 66 223 7 24 64 37 14 19 62 260 48 15 112 170 312 18 306 180 61 54 102 73 275 96 106 161 65 196 310 
179 235 14 19 62 260 48 15 112 170 312 18 306 180 61 3 42 291 246 212 232 308 9 95 305 
111 35 11 1 7 24 64 37 14 19 62 260 48 267 20 217 43 142 184 26 56 23 
19 14 37 64 24 7 223 66 4 206 258 150 143 2 198 117 266 157 147 192 
157 266 117 198 2 143 150 258 206 4 66 223 7 24 64 37 14 19 62 260 48 15 112 170 312 18 306 180 61 3 42 291 96 106 161 65 196 310 
19 14 37 64 
273 15 48 260 62 19 14 37 64 24 7 223 11 35 111 207 5 165 279 299 67 
19 14 37 64 24 7 223 66 4 206 258 150 143 2 198 117 266 157 147 192 
157 266 117 198 2 143 150 258 206 4 40 296 13 298 272 285 190 32 159 116 195 77 238 176 141 78 79 108 102 73 275 106 161 65 196 310 
19 14 37 64 
14 19 62 260 48 15 112 170 312 18 306 180 61 3 42 291 246 212 232 308 9 95 305 
150 258 206 4 40 66 223 7 64 24 37 14 19 62 260 48 15 112 170 312 145 205 
14 19 62 260 48 15 112 170 312 18 306 90 180 61 54 3 42 291 246 212 232 308 9 95 305 
19 62 260 48 267 20 217 43 142 184 26 56 23 
62 133 237 1 11 35 111 207 5 165 279 299 67 
73 317 108 79 78 141 176 77 238 195 116 
14 19 62 260 48 15 112 170 312 18 306 90 180 61 54 3 42 291 246 212 232 308 9 95 305 
19 62 260 48 267 20 217 43 142 184 26 56 23 
62 153 133 237 1 11 35 111 207 5 165 279 299 67 
64 223 66 40 206 258 150 143 2 198 117 266 157 147 192 
64 7 24 37 14 19 62 260 48 15 112 170 312 145 205 
19 260 62 48 267 20 217 43 142 26 184 56 23 
64 223 66 235 179 13 296 4 206 258 150 143 2 198 117 266 157 147 192 
64 1 237 133 153 260 62 48 15 112 170 312 18 145 205 
158 153 260 62 48 15 186 103 127 255 195 238 77 
64 223 66 235 179 13 296 4 206 258 150 143 2 198 117 266 157 147 192 
64 7 37 24 14 19 260 62 48 15 112 170 18 312 145 205 
260 62 48 15 186 103 127 255 195 238 77 
260 62 48 267 20 217 43 142 26 184 56 23 
157 266 117 198 2 143 150 258 206 4 296 13 298 81 92 285 190 159 116 195 238 77 176 141 78 108 79 317 73 275 106 161 65 196 310 
260 62 48 15 186 103 127 255 195 238 77 
260 62 48 112 170 226 55 26 184 56 23 
19 260 62 48 112 170 18 312 145 205 
260 62 48 15 186 103 127 255 195 238 77 
260 62 48 112 170 226 55 26 184 56 23 
19 260 62 48 112 170 18 312 145 205 
77 176 141 78 108 79 317 73 275 106 161 65 196 310 
299 279 165 5 207 111 35 11 64 37 7 24 14 19 260 62 48 112 170 226 55 26 184 23 
19 260 62 48 112 170 18 312 145 205 
77 176 141 78 108 79 102 275 106 161 65 196 310 
19 172 32 190 285 92 272 298 13 296 4 40 206 258 150 143 2 198 117 266 157 147 192 
77 176 141 78 108 79 102 275 106 161 65 196 310 
48 112 170 226 55 26 184 23 
238 195 116 159 137 172 14 24 7 37 11 64 
48 112 170 226 55 26 184 23 
40 206 258 150 143 69 2 198 117 266 157 147 27 192 
273 48 62 267 89 153 133 237 1 37 64 35 111 207 5 165 279 299 67 
150 258 206 40 4 296 13 81 272 92 285 190 159 137 186 15 312 145 205 
73 317 108 78 141 176 77 238 195 116 
272 92 285 190 159 137 186 15 312 145 205 
214 93 265 22 86 270 
272 92 285 190 159 137 186 15 312 145 205 
158 153 89 267 48 15 186 103 127 255 195 238 77 
157 266 117 198 2 69 143 150 258 40 4 296 13 81 298 272 92 285 248 259 12 91 293 154 77 176 263 93 214 256 309 65 41 196 310 
185 155 318 99 30 12 259 248 190 32 14 24 7 11 66 1 316 302 60 162 6 197 34 245 82 52 107 
40 296 13 81 298 272 285 92 248 259 12 91 293 154 77 176 263 93 214 256 309 65 41 196 310 
299 279 165 5 207 111 64 37 35 66 1 237 133 153 89 267 62 43 217 16 142 184 23 
40 296 13 81 298 272 285 92 248 259 12 91 238 77 176 263 93 214 256 309 65 41 196 310 
318 99 30 12 259 248 190 32 14 24 7 11 66 1 316 302 60 162 6 197 34 245 82 52 107 
19 260 153 133 237 1 66 223 235 179 4 296 40 258 150 143 69 198 117 266 157 27 147 192 
40 296 13 81 298 272 285 92 248 259 12 91 238 77 176 263 93 214 256 309 65 41 196 310 
318 99 12 259 248 190 14 24 7 11 66 1 316 302 60 162 6 197 34 245 82 52 107 
66 1 237 133 153 260 19 267 62 43 217 16 142 184 23 
238 91 12 259 248 190 14 32 24 7 11 66 35 37 64 
318 293 238 195 116 103 186 48 112 273 18 62 75 20 25 139 152 245 82 52 107 
66 1 237 133 153 260 19 267 62 43 217 16 142 184 23 
19 260 153 133 237 1 66 223 235 179 4 13 296 40 258 150 143 69 198 117 266 157 27 147 192 
66 1 237 133 153 260 19 89 267 62 43 217 16 142 184 23 
19 260 153 133 237 1 66 223 235 179 4 13 296 40 258 150 143 69 198 117 266 157 27 147 192 
91 238 77 176 263 265 301 44 148 191 182 309 65 41 196 310 
238 195 116 159 190 14 32 24 7 11 66 35 37 64 
273 112 48 19 260 153 133 237 1 66 35 37 64 111 207 5 165 279 299 67 
19 260 153 133 237 1 66 223 235 179 4 13 81 298 138 287 206 40 258 150 143 69 198 117 2 266 157 27 147 192 
179 272 32 14 190 159 137 186 15 54 306 3 90 180 84 63 102 291 246 212 232 308 311 95 305 
91 238 77 176 263 265 301 44 148 191 182 309 65 41 196 310 
238 195 116 12 248 190 14 32 24 7 11 66 35 37 64 
1 60 302 162 6 197 34 245 82 52 107 
179 272 32 14 190 159 137 186 15 54 306 3 90 180 84 63 102 291 246 212 232 308 311 95 305 
150 258 40 206 287 138 298 272 32 14 190 159 137 186 48 112 273 170 55 26 205 
91 238 77 263 73 93 214 256 309 65 41 196 310 
238 195 116 12 248 190 14 32 24 7 11 66 35 37 111 64 
1 237 133 158 295 139 152 245 82 52 107 
179 272 32 14 190 248 12 116 195 262 42 79 102 291 246 212 232 308 311 95 305 
19 260 153 133 237 1 66 35 37 111 64 207 5 165 279 74 299 67 
73 263 77 238 195 116 
1 60 316 302 162 6 45 280 68 126 8 39 233 107 
179 272 32 14 190 248 12 116 195 262 42 79 102 291 246 212 232 308 311 95 305 
19 260 153 133 237 1 66 35 37 111 64 207 5 165 279 74 299 67 
206 287 138 298 272 32 14 190 159 137 103 186 48 112 273 170 55 26 205 
214 148 44 301 22 86 270 
19 89 260 153 133 237 1 66 35 111 37 64 207 5 165 279 74 299 67 
206 81 4 272 32 14 190 159 137 103 186 48 112 273 170 55 26 205 
158 153 260 89 19 273 170 312 54 3 306 90 180 42 141 176 77 
206 81 296 13 4 272 32 14 190 159 137 103 255 127 15 54 28 145 205 
54 3 306 90 180 42 141 176 77 
157 27 266 2 198 117 69 143 150 258 40 206 81 296 13 298 272 32 92 12 116 195 238 77 263 73 93 317 61 256 65 309 41 196 310 
185 155 318 293 238 195 255 127 15 3 54 312 170 55 62 18 75 25 20 10 139 152 33 245 82 52 107 
299 104 279 74 165 5 207 64 37 6 162 302 316 60 237 133 153 267 19 43 62 26 226 23 
19 43 267 153 133 237 66 1 35 223 235 179 13 296 81 206 40 258 150 143 117 69 198 2 266 27 157 147 192 
238 195 116 248 12 14 92 190 24 11 7 35 111 37 64 
179 235 4 32 285 92 190 159 103 127 15 306 180 63 79 31 96 246 268 106 80 308 95 305 
116 248 14 12 190 92 24 11 7 35 111 37 207 64 
273 55 19 75 18 25 10 139 152 33 245 34 126 136 163 144 160 216 29 251 67 
116 248 14 12 190 92 24 11 7 35 111 37 207 64 
63 31 79 291 246 268 106 80 308 95 305 
190 159 103 127 15 306 180 63 31 79 291 246 268 106 80 308 95 305 
150 258 40 206 81 296 13 298 272 32 24 92 190 159 103 127 15 306 90 94 145 205 
63 31 79 291 246 268 106 80 308 95 305 
190 159 103 127 15 306 180 63 31 79 291 246 268 106 80 308 95 305 
73 263 77 176 141 42 195 116 
63 31 79 291 246 268 106 80 308 95 305 
190 159 103 127 15 306 180 63 31 79 291 246 268 106 80 308 95 305 
190 159 103 127 15 306 28 90 94 145 205 
214 61 148 301 44 22 86 270 
190 12 159 137 186 48 28 90 94 145 205 
195 116 
158 153 260 89 112 273 54 3 312 28 306 180 63 31 102 93 77 
190 159 137 186 48 28 90 94 145 205 
31 79 291 246 212 232 106 80 308 95 9 225 70 57 294 53 305 
31 79 291 246 212 232 106 80 308 95 9 225 70 57 294 53 305 
28 306 180 63 31 102 93 77 
157 266 27 2 69 198 117 150 258 40 206 81 296 13 298 272 32 24 92 12 190 248 14 116 259 91 195 42 141 93 317 214 61 65 41 309 135 278 196 310 
31 79 291 246 212 232 106 80 308 95 9 225 57 294 53 305 
185 155 99 293 238 42 262 15 306 28 312 3 54 26 55 75 25 18 10 139 33 152 245 52 107 
65 41 309 135 278 196 310 
299 279 165 5 104 207 37 6 162 302 316 237 133 260 43 267 25 19 62 226 23 
28 94 90 145 205 
19 25 267 43 260 133 237 316 302 162 6 37 207 104 5 165 279 194 156 125 150 117 198 69 2 27 266 157 147 192 
28 94 90 145 205 
316 237 133 260 43 267 25 19 62 226 23 
238 42 91 14 259 116 248 103 159 137 172 11 7 111 1 35 60 316 302 162 64 
28 94 90 145 205 
316 237 133 158 153 43 267 25 55 19 62 226 23 
316 302 162 6 37 207 104 5 165 279 194 156 125 150 117 198 69 2 27 266 157 147 192 
179 272 32 285 248 116 259 14 91 195 262 15 180 84 79 291 246 212 232 80 308 95 9 225 70 57 294 53 305 
316 237 133 158 153 43 267 25 55 19 62 226 23 
316 302 162 6 74 207 104 5 165 279 194 156 125 150 143 117 198 69 2 27 266 157 147 192 
316 302 162 64 
273 75 25 55 10 18 119 33 152 197 126 136 280 163 144 160 216 29 67 
150 125 156 194 279 165 5 104 207 74 6 124 60 1 35 237 66 295 139 33 119 18 10 55 19 23 205 
73 99 42 91 14 259 116 
214 61 148 301 22 76 270 
158 153 43 260 267 25 3 75 273 26 112 312 28 94 63 306 180 31 93 176 77 
185 155 318 293 154 99 238 195 255 48 63 94 312 112 26 273 75 25 3 55 10 33 119 18 134 319 131 107 
157 266 187 40 150 125 156 194 279 165 5 207 104 6 74 124 60 7 111 4 11 43 260 267 55 3 25 75 273 26 112 312 28 145 205 90 242 178 84 79 246 167 161 196 310 
299 279 165 5 207 104 6 74 124 60 7 111 4 11 43 260 267 55 3 25 75 170 23 
157 266 187 40 150 125 156 194 279 165 5 207 104 6 74 124 60 7 111 4 11 43 260 267 55 3 25 75 26 112 312 28 145 205 118 90 242 178 84 79 246 167 161 196 310 
312 112 26 75 25 3 55 10 33 119 18 134 319 131 107 
19 3 55 267 260 43 11 4 111 7 60 124 74 6 104 207 5 165 279 194 156 125 150 40 187 266 157 147 192 
157 266 187 40 150 125 156 194 279 165 5 207 104 6 74 124 60 7 111 4 11 43 260 267 55 3 25 273 75 26 312 28 145 205 118 242 178 84 79 246 167 161 196 310 
312 26 75 273 25 3 55 10 33 119 18 152 8 52 34 39 82 68 0 233 107 
279 165 5 207 104 6 74 124 60 7 111 4 11 43 260 267 55 3 25 273 170 23 
238 91 14 259 248 103 190 12 172 92 137 11 43 133 237 35 316 302 162 37 64 
312 26 75 273 25 3 10 33 119 18 134 152 8 52 245 34 39 82 68 0 233 107 
279 165 5 207 104 6 74 124 60 7 111 4 11 43 260 267 55 3 25 273 170 23 
165 279 194 156 125 150 40 187 266 157 147 192 
179 235 24 111 4 43 11 260 267 55 10 3 25 273 75 26 312 28 145 118 242 178 84 79 246 212 232 106 308 95 71 305 
279 165 5 207 104 6 74 124 60 7 111 4 43 11 260 267 55 10 3 25 273 170 23 
165 279 194 156 125 150 40 187 266 157 203 147 192 
273 25 3 10 33 119 134 152 8 52 126 197 136 280 163 160 216 29 222 67 
165 279 194 156 125 150 40 187 266 157 203 147 38 192 
75 273 25 3 10 33 119 134 152 8 52 245 34 39 82 68 0 233 107 
10 3 25 273 75 26 312 28 145 118 242 178 84 79 246 212 232 106 308 95 71 305 
150 125 156 194 279 165 5 207 104 6 74 124 60 7 111 4 43 11 260 267 55 10 3 25 273 75 26 312 28 145 205 
75 273 25 3 10 33 119 134 152 8 52 245 34 39 82 68 0 233 107 
10 3 25 273 75 26 312 28 145 118 242 178 84 79 212 232 106 308 95 71 305 
10 33 119 134 152 8 52 126 197 136 280 163 160 216 29 222 67 
73 185 188 155 318 42 14 259 248 103 116 
75 25 273 10 3 33 119 134 152 8 52 245 34 39 82 0 68 233 107 
10 273 25 75 26 312 28 118 242 178 84 291 246 212 232 106 95 308 71 305 
10 273 25 75 26 312 28 145 205 
214 41 61 301 22 76 44 270 
10 273 25 75 26 312 28 145 205 
158 290 260 54 186 255 262 141 176 77 
10 23 170 25 75 94 312 28 145 205 
25 170 23 10 3 33 66 119 134 152 8 52 245 34 39 82 0 68 233 107 
28 118 242 178 84 291 246 212 232 106 95 308 71 305 
44 270 
25 170 23 10 3 33 66 134 152 8 52 245 34 39 82 0 68 233 107 
28 118 242 178 84 291 246 212 232 106 95 308 71 305 
157 266 69 198 2 27 199 117 150 125 320 234 45 59 6 104 74 124 60 7 111 43 4 11 260 55 267 3 10 23 170 25 94 312 63 75 26 127 112 31 306 180 15 93 102 317 78 275 161 196 310 
25 170 23 10 3 33 66 134 152 8 52 126 34 39 82 0 68 233 107 
185 73 188 155 318 42 14 259 248 159 172 12 111 7 60 124 1 35 316 302 162 37 280 64 82 0 68 233 107 
25 312 63 75 26 127 112 31 306 180 15 102 317 78 275 161 196 310 
299 279 165 5 59 6 104 74 124 60 7 43 4 260 11 55 267 3 10 23 
19 226 85 145 170 23 10 3 267 55 11 260 290 158 139 237 133 35 1 74 104 6 234 320 45 125 150 117 199 27 2 198 69 266 157 203 38 192 
238 141 262 48 306 112 127 26 75 63 25 94 170 23 10 3 267 153 295 152 8 52 39 126 197 136 64 
179 235 24 111 12 92 137 186 255 262 93 15 102 317 78 275 161 167 268 308 71 9 225 70 57 294 305 
273 23 10 3 267 153 152 8 119 134 52 39 126 197 136 37 163 160 216 29 222 49 175 67 
150 45 320 234 6 104 74 1 35 133 237 139 158 290 55 11 267 3 10 23 94 170 145 205 
153 152 8 119 134 52 39 126 197 136 64 82 224 219 169 67 
73 318 42 259 248 103 116 
153 152 8 119 134 52 39 126 245 34 136 64 82 224 219 169 67 
214 22 301 41 46 61 44 270 
158 290 55 4 54 137 186 255 262 93 176 77 
290 55 260 4 3 267 11 33 23 94 10 273 312 31 25 127 75 26 306 48 262 93 176 77 
157 266 187 40 150 125 45 320 234 6 59 5 165 144 280 136 34 245 126 39 52 134 119 8 152 33 23 94 10 273 312 31 25 127 75 306 26 112 180 15 102 317 78 256 309 278 196 310 
185 86 188 73 318 293 141 238 93 262 48 306 75 127 118 25 312 31 10 273 94 23 33 152 8 119 134 52 39 126 245 131 107 
136 34 245 126 39 52 134 119 8 152 33 23 94 273 10 31 312 25 118 127 75 306 26 180 112 15 102 317 78 256 135 309 278 196 310 
299 160 216 215 163 37 136 34 245 126 39 52 134 119 8 152 33 23 
136 34 245 126 39 52 134 119 8 152 33 23 94 273 10 31 312 118 127 25 306 75 26 180 112 15 102 317 78 256 135 148 309 278 196 310 
118 312 31 10 273 94 23 33 152 8 119 134 52 39 126 245 131 107 
19 184 129 226 142 145 170 94 33 11 152 8 119 134 52 39 126 245 34 136 37 163 215 216 29 251 21 231 227 117 27 199 69 2 198 157 266 38 203 192 
136 34 245 126 39 52 134 119 8 152 11 33 94 273 10 31 312 118 127 25 306 75 26 180 112 15 102 317 78 256 135 148 309 278 196 310 
118 312 31 10 273 94 33 11 152 8 119 134 52 39 126 245 131 107 
136 34 245 126 39 52 134 119 8 152 11 33 23 
238 93 262 48 306 25 127 118 312 31 10 273 94 33 11 152 8 119 134 52 39 126 245 34 136 37 64 
118 312 31 10 273 94 33 11 152 8 119 134 52 39 126 245 131 107 
136 34 245 126 39 52 134 119 8 152 23 
11 152 8 119 134 52 39 126 245 34 136 280 165 144 5 59 6 234 320 125 45 150 40 187 266 38 203 192 
179 235 43 24 60 172 111 190 159 248 259 91 195 14 93 176 77 154 15 102 317 78 275 167 161 268 308 71 53 305 
136 34 245 126 39 134 119 8 152 23 
11 152 8 119 134 39 126 245 34 136 280 165 144 5 88 59 6 234 320 125 45 150 40 187 266 38 203 192 
126 39 134 119 8 152 23 94 33 273 31 10 312 118 127 25 306 75 26 180 112 102 317 78 256 148 309 278 196 310 
118 312 10 31 273 33 94 23 152 8 119 134 39 126 245 34 136 37 64 
273 33 94 23 152 8 119 134 39 126 245 34 136 163 82 224 219 169 67 
11 23 152 8 119 134 39 126 245 34 136 280 165 144 279 156 299 231 227 117 27 199 69 2 198 157 266 38 203 192 
126 39 134 119 8 152 23 94 33 273 31 10 312 118 127 25 306 75 26 180 112 102 317 78 256 148 309 278 196 310 
53 305 
150 45 125 320 234 59 88 5 144 165 280 136 34 245 126 39 134 119 8 152 23 94 33 273 31 170 142 226 145 205 
126 39 134 119 8 152 23 94 33 273 31 10 312 118 127 25 306 75 26 180 112 102 15 317 78 256 148 309 278 196 310 
53 305 
34 245 126 39 134 119 8 152 23 
23 152 8 119 134 39 126 245 34 136 163 82 224 219 169 67 
73 155 318 141 91 259 248 159 285 103 116 
34 245 126 39 134 119 8 152 23 
23 152 8 119 134 39 126 197 136 163 215 175 224 219 169 67 
34 245 126 39 134 119 8 152 23 94 11 33 273 31 170 142 226 145 205 
214 148 135 22 46 301 41 61 270 
34 245 126 39 134 119 8 152 23 
23 152 8 119 134 39 126 197 136 163 215 175 224 219 169 67 
152 23 94 11 33 31 170 142 205 
136 197 24 295 158 
309 9 148 301 93 78 91 
262 84 79 102 317 20 256 9 309 278 
302 48 295 139 
298 1 81 92 7 248 259 77 238 176 141 108 317 20 214 
9 309 278 
234 320 
7 248 259 77 238 176 141 108 317 20 214 
186 137 172 40 37 64 223 19 66 234 67 124 
7 248 259 77 238 176 141 108 317 20 214 
79 102 275 96 106 
7 248 259 77 238 176 141 108 317 20 214 
53 36 71 177 264 41 95 311 44 18 106 96 275 102 108 141 176 238 293 54 
133 89 267 112 30 312 306 180 79 102 291 246 212 
317 102 79 180 306 312 30 170 
