4.528188810325313170e+03 2.036234195609528115e+03 7.550000000000000000e+02 2.900000000000000000e+01
4.867167575200321153e+03 2.265181564030581285e+03 6.950000000000000000e+02 1.000000000000000000e+01
2.143538110903193683e+03 3.506376147781788859e+03 1.059000000000000000e+03 7.700000000000000000e+01
3.135709114036037136e+03 2.522847893801510963e+02 6.620000000000000000e+02 4.800000000000000000e+01
5.004677345122418956e+03 1.223076300872686033e+03 7.800000000000000000e+02 5.900000000000000000e+01
5.254677345122418956e+03 1.473076300872686033e+03 6.770000000000000000e+02 6.900000000000000000e+01
2.241065676243406415e+03 7.079775139758945102e+01 6.870000000000000000e+02 1.120000000000000000e+02
4.554009680463478617e+03 4.952023669293738749e+03 6.570000000000000000e+02 2.400000000000000000e+01
5.804009680463478617e+03 3.702023669293738749e+03 2.455000000000000000e+03 6.900000000000000000e+01
1.916324681348611193e+03 2.237540354906739594e+03 1.277000000000000000e+03 3.200000000000000000e+01
2.416324681348611193e+03 2.237540354906739594e+03 1.052000000000000000e+03 1.800000000000000000e+01
2.416324681348611193e+03 2.737540354906739594e+03 7.340000000000000000e+02 5.300000000000000000e+01
1.666324681348611193e+03 1.987540354906739594e+03 7.910000000000000000e+02 6.500000000000000000e+01
2.166324681348611193e+03 2.487540354906739594e+03 7.040000000000000000e+02 2.200000000000000000e+01
4.923178891242081590e+03 3.876066186527523314e+02 6.360000000000000000e+02 1.590000000000000000e+02
1.108028831199724664e+03 3.751919914134098235e+03 7.180000000000000000e+02 3.600000000000000000e+01
2.916000000000000000e+03 1.702000000000000000e+03 0.000000000000000000e+00 0.000000000000000000e+00
3.416000000000000000e+03 1.702000000000000000e+03 0.000000000000000000e+00 0.000000000000000000e+00
3.416000000000000000e+03 2.202000000000000000e+03 0.000000000000000000e+00 0.000000000000000000e+00
2.916000000000000000e+03 2.202000000000000000e+03 0.000000000000000000e+00 0.000000000000000000e+00
2.916000000000000000e+03 2.702000000000000000e+03 0.000000000000000000e+00 0.000000000000000000e+00
3.416000000000000000e+03 2.702000000000000000e+03 0.000000000000000000e+00 0.000000000000000000e+00
3.416000000000000000e+03 3.202000000000000000e+03 0.000000000000000000e+00 0.000000000000000000e+00
2.916000000000000000e+03 3.202000000000000000e+03 0.000000000000000000e+00 0.000000000000000000e+00
2.916000000000000000e+03 3.702000000000000000e+03 0.000000000000000000e+00 0.000000000000000000e+00
3.416000000000000000e+03 3.702000000000000000e+03 0.000000000000000000e+00 0.000000000000000000e+00
3.416000000000000000e+03 4.202000000000000000e+03 0.000000000000000000e+00 0.000000000000000000e+00
2.916000000000000000e+03 4.202000000000000000e+03 0.000000000000000000e+00 0.000000000000000000e+00
3.916000000000000000e+03 2.702000000000000000e+03 0.000000000000000000e+00 0.000000000000000000e+00
4.416000000000000000e+03 2.702000000000000000e+03 0.000000000000000000e+00 0.000000000000000000e+00
4.416000000000000000e+03 3.202000000000000000e+03 0.000000000000000000e+00 0.000000000000000000e+00
3.916000000000000000e+03 3.202000000000000000e+03 0.000000000000000000e+00 0.000000000000000000e+00
3.916000000000000000e+03 3.702000000000000000e+03 0.000000000000000000e+00 0.000000000000000000e+00
4.416000000000000000e+03 3.702000000000000000e+03 0.000000000000000000e+00 0.000000000000000000e+00
4.416000000000000000e+03 4.202000000000000000e+03 0.000000000000000000e+00 0.000000000000000000e+00
3.916000000000000000e+03 4.202000000000000000e+03 0.000000000000000000e+00 0.000000000000000000e+00
4.916000000000000000e+03 3.702000000000000000e+03 0.000000000000000000e+00 0.000000000000000000e+00
5.416000000000000000e+03 3.702000000000000000e+03 0.000000000000000000e+00 0.000000000000000000e+00
5.416000000000000000e+03 4.202000000000000000e+03 0.000000000000000000e+00 0.000000000000000000e+00
4.916000000000000000e+03 4.202000000000000000e+03 0.000000000000000000e+00 0.000000000000000000e+00
1.358000000000000000e+03 2.987000000000000000e+03 0.000000000000000000e+00 0.000000000000000000e+00
1.858000000000000000e+03 2.987000000000000000e+03 0.000000000000000000e+00 0.000000000000000000e+00
1.858000000000000000e+03 3.487000000000000000e+03 0.000000000000000000e+00 0.000000000000000000e+00
1.358000000000000000e+03 3.487000000000000000e+03 0.000000000000000000e+00 0.000000000000000000e+00
5.564535996252952827e+03 2.858602616662160017e+03 0.000000000000000000e+00 0.000000000000000000e+00
