2.993389999999999873e+03 5.940130000000000109e+03
3.289219999999999800e+03 1.606259999999999991e+03
1.251690000000000055e+03 1.725900000000000091e+03
3.811539999999999964e+03 5.375060000000000400e+03
2.013410000000000082e+03 3.235899999999999750e+02
3.741849999999999909e+03 2.413570000000000164e+03
2.101210000000000036e+03 4.603810000000000400e+03
3.746989999999999782e+03 2.231400000000000091e+03
6.985099999999999909e+02 2.742429999999999836e+03
5.532489999999999782e+03 3.567719999999999800e+03
1.324539999999999964e+03 4.478829999999999927e+03
2.094949999999999818e+03 9.352000000000000455e+02
3.120030000000000200e+03 8.937200000000000273e+02
3.713650000000000091e+03 1.454230000000000018e+03
1.340240000000000009e+03 2.757269999999999982e+03
1.891000000000000000e+03 2.676429999999999836e+03
1.742799999999999955e+03 3.442769999999999982e+03
3.332690000000000055e+03 5.084649999999999636e+03
4.952100000000000364e+03 4.405640000000000327e+03
2.299550000000000182e+03 1.851900000000000091e+03
4.951050000000000182e+03 3.456889999999999873e+03
1.521000000000000085e+01 5.740569999999999709e+03
3.926750000000000000e+03 3.086130000000000109e+03
4.530149999999999636e+03 6.108689999999999600e+03
2.059780000000000200e+03 3.256079999999999927e+03
1.325180000000000064e+03 4.458739999999999782e+03
3.790489999999999782e+03 5.955180000000000291e+03
5.504640000000000327e+03 4.968899999999999864e+02
3.806260000000000218e+03 5.574369999999999891e+03
1.059880000000000109e+03 2.621730000000000018e+03
3.320449999999999818e+03 3.589079999999999927e+03
5.534319999999999709e+03 5.027689999999999600e+03
3.757679999999999836e+03 3.359449999999999818e+03
1.537970000000000027e+03 2.080699999999999818e+03
1.879630000000000109e+03 2.692909999999999854e+03
2.012230000000000018e+03 1.783519999999999982e+03
6.133380000000000109e+03 6.028979999999999563e+03
2.974719999999999800e+03 2.257090000000000146e+03
6.450170000000000073e+03 8.638899999999999864e+02
6.190599999999999454e+02 2.986539999999999964e+03
3.282989999999999782e+03 2.422019999999999982e+03
5.537649999999999636e+03 5.566720000000000255e+03
4.156109999999999673e+03 4.093329999999999927e+03
3.001000000000000000e+03 5.903920000000000073e+03
5.208420000000000073e+03 4.593949999999999818e+03
1.635690000000000055e+03 3.965760000000000218e+03
5.796250000000000000e+03 1.310500000000000000e+03
3.579389999999999873e+03 4.440899999999999636e+03
2.111829999999999927e+03 2.991400000000000091e+03
1.521000000000000085e+01 5.740569999999999709e+03
1.324539999999999964e+03 4.478829999999999927e+03
2.969590000000000146e+03 5.939560000000000400e+03
2.012680000000000064e+03 5.025369999999999891e+03
6.300079999999999927e+03 6.289760000000000218e+03
4.372399999999999636e+03 2.399170000000000073e+03
3.780550000000000182e+03 5.068880000000000109e+03
3.317409999999999854e+03 4.249020000000000437e+03
3.451769999999999982e+03 5.938579999999999927e+03
3.011159999999999854e+03 5.090079999999999927e+03
1.794160000000000082e+03 2.211300000000000182e+03
1.347990000000000009e+03 3.061210000000000036e+03
3.554300000000000182e+03 3.373889999999999873e+03
2.804719999999999800e+03 2.407059999999999945e+03
4.389170000000000073e+03 5.174039999999999964e+03
2.834380000000000109e+03 2.247320000000000164e+03
5.181670000000000073e+03 4.218399999999999636e+03
2.049199999999999818e+03 1.809099999999999909e+03
1.859349999999999909e+03 2.051309999999999945e+03
1.661869999999999891e+03 2.143730000000000018e+03
1.360170000000000073e+03 1.437230000000000018e+03
3.211989999999999782e+03 5.913319999999999709e+03
5.806590000000000146e+03 6.048100000000000364e+03
7.639999999999999680e+00 5.769369999999999891e+03
4.952100000000000364e+03 4.405640000000000327e+03
1.217390000000000100e+03 1.698430000000000064e+03
2.437480000000000018e+03 2.788150000000000091e+03
6.176770000000000437e+03 1.415339999999999918e+03
4.136850000000000364e+03 2.618159999999999854e+03
4.926239999999999782e+03 3.075809999999999945e+03
4.360659999999999854e+03 3.560409999999999854e+03
5.517000000000000000e+03 4.409500000000000000e+03
3.522420000000000073e+03 1.920289999999999964e+03
1.546519999999999982e+03 4.498720000000000255e+03
5.911930000000000291e+03 2.816070000000000164e+03
4.142949999999999818e+03 3.339039999999999964e+03
2.194070000000000164e+03 4.623310000000000400e+03
4.942779999999999745e+03 2.378789999999999964e+03
1.547569999999999936e+03 5.749880000000000109e+03
5.542400000000000091e+02 2.925670000000000073e+03
2.673210000000000036e+03 3.099690000000000055e+03
3.936070000000000164e+03 3.363539999999999964e+03
4.916239999999999782e+03 2.595739999999999782e+03
3.733710000000000036e+03 1.928180000000000064e+03
5.171989999999999782e+03 3.081420000000000073e+03
3.789360000000000127e+03 4.447789999999999964e+03
5.359529999999999745e+03 5.486630000000000109e+03
4.951399999999999636e+03 4.073889999999999873e+03
5.338500000000000000e+03 6.093500000000000000e+03
5.189319999999999709e+03 1.334289999999999964e+03
4.358689999999999600e+03 1.908970000000000027e+03
6.221670000000000073e+03 2.901019999999999982e+03
6.190599999999999454e+02 2.986539999999999964e+03
4.605949999999999818e+03 3.591079999999999927e+03
3.918789999999999964e+03 3.097789999999999964e+03
1.859349999999999909e+03 2.051309999999999945e+03
8.970000000000000284e+01 5.486659999999999854e+03
4.966460000000000036e+03 4.081900000000000091e+03
1.325180000000000064e+03 4.458739999999999782e+03
4.601560000000000400e+03 3.350400000000000091e+03
2.679599999999999795e+02 4.272029999999999745e+03
2.596369999999999891e+03 4.656619999999999891e+03
1.810700000000000045e+03 2.198039999999999964e+03
3.308829999999999927e+03 3.581070000000000164e+03
5.331900000000000546e+02 3.057050000000000182e+03
1.079930000000000064e+03 3.866690000000000055e+03
5.757300000000000182e+03 5.770399999999999636e+02
3.920909999999999854e+03 2.816570000000000164e+03
2.154030000000000200e+03 1.507400000000000091e+02
4.149029999999999745e+03 4.431609999999999673e+03
2.281480000000000018e+03 4.072949999999999818e+03
4.905850000000000364e+03 2.351360000000000127e+03
5.911930000000000291e+03 2.816070000000000164e+03
3.001000000000000000e+03 5.903920000000000073e+03
3.911499999999999773e+02 3.756329999999999927e+03
1.871460000000000036e+03 2.067070000000000164e+03
1.715019999999999982e+03 1.625640000000000100e+03
1.347990000000000009e+03 3.061210000000000036e+03
3.918789999999999964e+03 3.097789999999999964e+03
4.706000000000000227e+01 5.470800000000000182e+03
3.332230000000000018e+03 5.518869999999999891e+03
3.790489999999999782e+03 5.955180000000000291e+03
2.191090000000000146e+03 4.059309999999999945e+03
2.592789999999999964e+03 4.636939999999999600e+03
2.673449999999999818e+03 3.079630000000000109e+03
2.201239999999999782e+03 4.049300000000000182e+03
5.648199999999999818e+03 3.995929999999999836e+03
1.347990000000000009e+03 3.061210000000000036e+03
3.521809999999999945e+03 2.619969999999999800e+03
3.439480000000000018e+03 1.149680000000000064e+03
2.301559999999999945e+03 3.504070000000000164e+03
1.324539999999999964e+03 4.478829999999999927e+03
4.585220000000000255e+03 3.084599999999999909e+03
3.012619999999999891e+03 4.453460000000000036e+03
1.767069999999999936e+03 7.480700000000000500e+02
1.211180000000000064e+03 2.698170000000000073e+03
3.562550000000000182e+03 4.084400000000000091e+03
5.505050000000000182e+03 4.955299999999999727e+02
3.232420000000000073e+03 1.909499999999999886e+02
5.531420000000000073e+03 3.328030000000000200e+03
1.461150000000000091e+03 4.928949999999999818e+03
2.094949999999999818e+03 9.352000000000000455e+02
7.676799999999999500e+02 5.606810000000000400e+03
2.032480000000000018e+03 3.465590000000000146e+03
2.673210000000000036e+03 3.099690000000000055e+03
4.588079999999999927e+03 2.610800000000000182e+03
4.885189999999999600e+03 2.383769999999999982e+03
1.708460000000000036e+03 1.644579999999999927e+03
2.832000000000000000e+03 1.689099999999999966e+02
2.663269999999999982e+03 3.089699999999999818e+03
3.529860000000000127e+03 2.608300000000000182e+03
1.072529999999999973e+03 2.615409999999999854e+03
5.181670000000000073e+03 4.218399999999999636e+03
1.891000000000000000e+03 2.676429999999999836e+03
1.333700000000000045e+03 2.776210000000000036e+03
5.504640000000000327e+03 4.968899999999999864e+02
1.661869999999999891e+03 2.143730000000000018e+03
6.221670000000000073e+03 2.901019999999999982e+03
4.952100000000000364e+03 4.405640000000000327e+03
5.783880000000000109e+03 5.541699999999999591e+02
6.327699999999999818e+02 2.987920000000000073e+03
3.315039999999999964e+03 3.619039999999999964e+03
4.956810000000000400e+03 3.481100000000000136e+02
3.298349999999999909e+03 2.612079999999999927e+03
4.738090000000000146e+03 1.377349999999999909e+03
4.337680000000000291e+03 1.834359999999999900e+03
6.985099999999999909e+02 2.742429999999999836e+03
4.593210000000000036e+03 3.072909999999999854e+03
5.587010000000000218e+03 5.859899999999999636e+03
4.164159999999999854e+03 4.081659999999999854e+03
2.937349999999999909e+03 1.932890000000000100e+03
4.145909999999999854e+03 3.565550000000000182e+03
3.803199999999999818e+03 4.856039999999999964e+03
5.644210000000000036e+03 3.569480000000000018e+03
2.291389999999999873e+03 4.082650000000000091e+03
3.312489999999999782e+03 4.632560000000000400e+03
4.932729999999999563e+03 2.416090000000000146e+03
3.555210000000000036e+03 3.101730000000000018e+03
2.341380000000000109e+03 5.001299999999999955e+02
4.905850000000000364e+03 2.351360000000000127e+03
2.993389999999999873e+03 5.940130000000000109e+03
3.519739999999999782e+03 2.417650000000000091e+03
5.638479999999999563e+03 3.337210000000000036e+03
3.247960000000000036e+03 1.620300000000000011e+02
4.754750000000000000e+03 1.356130000000000109e+03
1.566299999999999955e+03 1.905519999999999982e+03
4.128010000000000218e+03 2.824139999999999873e+03
5.525130000000000109e+03 4.397909999999999854e+03
1.785460000000000036e+03 3.208840000000000146e+03
2.074070000000000164e+03 1.845500000000000114e+02
1.767069999999999936e+03 7.480700000000000500e+02
1.546250000000000000e+03 4.518729999999999563e+03
2.330699999999999932e+02 4.697170000000000073e+03
3.801070000000000164e+03 4.626000000000000000e+03
2.832000000000000000e+03 1.689099999999999966e+02
3.011159999999999854e+03 5.090079999999999927e+03
3.554550000000000182e+03 4.096039999999999964e+03
2.733550000000000182e+03 1.155990000000000009e+03
1.794160000000000082e+03 2.211300000000000182e+03
6.450170000000000073e+03 8.638899999999999864e+02
4.987590000000000146e+03 3.342400000000000091e+02
2.330699999999999932e+02 4.697170000000000073e+03
6.203050000000000182e+03 3.557079999999999927e+03
4.624689999999999600e+03 4.619159999999999854e+03
1.471059999999999945e+03 4.938989999999999782e+03
5.187760000000000218e+03 3.439579999999999927e+03
8.226100000000000136e+02 2.786889999999999873e+03
9.265199999999999818e+02 2.551440000000000055e+03
2.967630000000000109e+03 4.108039999999999964e+03
1.512339999999999918e+03 5.746500000000000000e+03
6.333700000000000045e+02 2.979420000000000073e+03
6.221670000000000073e+03 2.901019999999999982e+03
5.217890000000000327e+03 1.342190000000000055e+03
7.794700000000000273e+02 2.566409999999999854e+03
2.527500000000000000e+03 2.200400000000000091e+03
6.390399999999999636e+02 2.974900000000000091e+03
4.829380000000000109e+03 5.696189999999999600e+03
3.308260000000000218e+03 4.100539999999999964e+03
1.360170000000000073e+03 1.437230000000000018e+03
1.546519999999999982e+03 4.498720000000000255e+03
3.519739999999999782e+03 2.417650000000000091e+03
1.324539999999999964e+03 4.478829999999999927e+03
1.238960000000000036e+03 1.732190000000000055e+03
4.636810000000000400e+03 4.834409999999999854e+03
1.106450000000000045e+03 3.867989999999999782e+03
2.039109999999999900e+03 1.819019999999999982e+03
2.929190000000000055e+03 1.944589999999999918e+03
3.749659999999999854e+03 1.430079999999999927e+03
2.437480000000000018e+03 2.788150000000000091e+03
4.367130000000000109e+03 2.816269999999999982e+03
3.608799999999999955e+02 3.731099999999999909e+03
3.806260000000000218e+03 5.574369999999999891e+03
2.986190000000000055e+03 4.628939999999999600e+03
4.144489999999999782e+03 4.085309999999999945e+03
3.298349999999999909e+03 2.612079999999999927e+03
6.424449999999999818e+03 1.629099999999999909e+03
1.742799999999999955e+03 3.442769999999999982e+03
4.621260000000000218e+03 4.430750000000000000e+03
2.291389999999999873e+03 4.082650000000000091e+03
3.761380000000000109e+03 2.403309999999999945e+03
4.358689999999999600e+03 1.908970000000000027e+03
3.567750000000000000e+03 4.432920000000000073e+03
8.858300000000000409e+02 2.336429999999999836e+03
4.905850000000000364e+03 2.351360000000000127e+03
2.610170000000000073e+03 5.073180000000000291e+03
4.956810000000000400e+03 3.481100000000000136e+02
3.926750000000000000e+03 3.086130000000000109e+03
5.182850000000000364e+03 3.572300000000000182e+03
5.792640000000000327e+03 1.335880000000000109e+03
2.381719999999999800e+03 1.076859999999999900e+03
3.923420000000000073e+03 2.400340000000000146e+03
2.981380000000000109e+03 3.124690000000000055e+03
3.796039999999999964e+03 5.553550000000000182e+03
4.139590000000000146e+03 3.081860000000000127e+03
4.926239999999999782e+03 3.075809999999999945e+03
5.594920000000000073e+03 5.849659999999999854e+03
5.171989999999999782e+03 3.081420000000000073e+03
2.450550000000000182e+03 1.618199999999999932e+02
2.959460000000000036e+03 3.374130000000000109e+03
4.947720000000000255e+03 4.603020000000000437e+03
4.706000000000000227e+01 5.470800000000000182e+03
5.911930000000000291e+03 2.816070000000000164e+03
4.932729999999999563e+03 2.416090000000000146e+03
3.271280000000000200e+03 1.936180000000000064e+03
3.308829999999999927e+03 3.581070000000000164e+03
3.040899999999999750e+02 4.286909999999999854e+03
4.960569999999999709e+03 3.925559999999999945e+03
3.350969999999999800e+03 5.527369999999999891e+03
5.796250000000000000e+03 1.310500000000000000e+03
5.648199999999999818e+03 3.995929999999999836e+03
1.537970000000000027e+03 2.080699999999999818e+03
1.469410000000000082e+03 2.834659999999999854e+03
4.738090000000000146e+03 1.377349999999999909e+03
1.079930000000000064e+03 3.866690000000000055e+03
4.392590000000000146e+03 5.367590000000000146e+03
3.017039999999999964e+03 5.056029999999999745e+03
3.529349999999999909e+03 2.236340000000000146e+03
4.738090000000000146e+03 1.377349999999999909e+03
3.120030000000000200e+03 8.937200000000000273e+02
2.969590000000000146e+03 5.939560000000000400e+03
2.993389999999999873e+03 5.940130000000000109e+03
2.673210000000000036e+03 3.099690000000000055e+03
4.603319999999999709e+03 4.078260000000000218e+03
6.221670000000000073e+03 2.901019999999999982e+03
4.576350000000000364e+03 2.602800000000000182e+03
5.318210000000000036e+03 6.128819999999999709e+03
2.331190000000000055e+03 3.299530000000000200e+03
2.994050000000000182e+03 1.584440000000000055e+03
3.797349999999999909e+03 4.436079999999999927e+03
3.269480000000000018e+03 1.609950000000000045e+03
1.398309999999999945e+03 2.009589999999999918e+03
4.337680000000000291e+03 1.834359999999999900e+03
5.453420000000000073e+03 3.063869999999999891e+03
2.135300000000000182e+03 2.726579999999999927e+03
1.490539999999999964e+03 5.765819999999999709e+03
5.871569999999999709e+03 3.539570000000000164e+03
5.326270000000000437e+03 5.806020000000000437e+03
3.937239999999999782e+03 3.569409999999999854e+03
3.332940000000000055e+03 5.939149999999999636e+03
4.953529999999999745e+03 5.042220000000000255e+03
5.539020000000000437e+03 3.920590000000000146e+03
5.537750000000000000e+03 4.584149999999999636e+03
5.216329999999999927e+03 5.019779999999999745e+03
3.543460000000000036e+03 3.606349999999999909e+03
8.858300000000000409e+02 2.336429999999999836e+03
4.337680000000000291e+03 1.834359999999999900e+03
5.820270000000000437e+03 1.346990000000000009e+03
2.146449999999999818e+03 2.710079999999999927e+03
4.932279999999999745e+03 3.436239999999999782e+03
4.587149999999999636e+03 2.381519999999999982e+03
2.201239999999999782e+03 4.049300000000000182e+03
2.049199999999999818e+03 1.809099999999999909e+03
